   0.0000000000000000        0.0000000000000000        0.0000000000000000        0.0000000000000000        0.0000000000000000        0.0000000000000000        0.0000000000000000        0.0000000000000000        0.0000000000000000        0.0000000000000000     
   0.0000000000000000        0.0000000000000000        0.0000000000000000        0.0000000000000000        0.0000000000000000        0.0000000000000000        0.0000000000000000        0.0000000000000000        0.0000000000000000        0.0000000000000000     
   6.8894211074283099E-003   6.0456607395491781E-002   9.3257672303529479E-002   8.4237063916775282E-002   1.6046913451051848E-002   3.4995895847059359E-002   1.8980580313244053E-002   4.2766410434726225E-002  -5.2397361356029473E-002   3.7191613421037120E-002
   1.3089900129778882E-002  0.11486755427665279       0.17718957772411792       0.16005042175568054        3.0489135616777921E-002   6.6492202239782666E-002   3.6063102665871871E-002   8.1256179985297133E-002  -9.9554986771651380E-002   7.0664065638520082E-002
   1.8781818235484089E-002  0.16414195603678436       0.25285172947710050       0.22853590967066623        4.3684553147501817E-002   9.4632044897404011E-002   5.1692681296413204E-002  0.11605890745524899      -0.14228150902249834       0.10087424816495283     
   2.4116968171078834E-002  0.20906529273888844       0.32117339523932270       0.29064809895442206        5.5936638775811634E-002  0.11956448737521713        6.6244713020991094E-002  0.14768844241233117      -0.18127564033621524       0.12822436644121463     
   2.9222936887012597E-002  0.25031454419810567       0.38296462941076964       0.34721275479712360        6.7502647978595745E-002  0.14144278726454984        8.0034038843442443E-002  0.17659038565744359      -0.21713880087385534       0.15306666032879768     
   3.4206752477400709E-002  0.28847163084330002       0.43892502015909018       0.39893904576647365        7.8600438025874853E-002  0.16042293763902171        9.3322932630422850E-002  0.20314900542263076      -0.25038629720321737       0.17570791263601926     
   3.9157931898927509E-002  0.32403523701424236       0.48965298738658314       0.44643113864588591        8.9414159253060829E-002  0.17666245126771790       0.10632806057197804       0.22769356373461541      -0.28145715944851557       0.19641370456989177     
   4.4151041919757439E-002  0.35743113482346067       0.53565519748733970       0.49019898971809683       0.10009902721636264       0.19031934611093476       0.11922653993522234       0.25050407265425367      -0.31072277188164982       0.21541239821049241     
   4.9247864337523040E-002  0.38902114511175362       0.57735582486796988       0.53066826013688551       0.11078534661990860       0.20155129382416109       0.13216121002158543       0.27181651430702142      -0.33849443738878643       0.23289884051868617     
   5.4499238324849104E-002  0.41911087642283318       0.61510550449505919       0.56818935792116543       0.12158192511818262       0.21051489752274472       0.14524521355549325       0.29182756566047630      -0.36503001061566864       0.24903779292444816     
   5.9946637827867078E-002  0.44795637923161519       0.64918989687251538       0.60304565541810407       0.13257898762806031       0.21736507023082471       0.15856597356993907       0.31069887156437093      -0.39053972342618459       0.26396709663294649     
   6.5623529977690886E-002  0.47576984468585570       0.67983783661168351       0.63546095799605240       0.14385067932310364       0.22225449076149514       0.17218863941439269       0.32856090944552330      -0.41519131311441532       0.27780058747485481     
   7.1556551073071392E-002  0.50272446726359088       0.70722906549935505       0.66560631355406619       0.15545722743261528       0.22533311890202867       0.18615906577132507       0.34551648741370034      -0.43911455062701799       0.29063077616484839     
   7.7766529418486607E-002  0.52895858048717614       0.73150156618093387       0.69360625741889148       0.16744681763753971       0.22674775647288006       0.20050638039311483       0.36164391512282279      -0.46240525396516546       0.30253131074392509     
   8.4269378734480885E-002  0.55457916504209048       0.75275851735074861       0.71954458613383965       0.17985722955989436       0.22664164494577979       0.21524518947520854       0.37699988398454004      -0.48512886142858835       0.31355923813007902     
   9.1076881612487490E-002  0.57966481980419571       0.77107488877527341       0.74346974831551360       0.19271726695601360       0.22515409376773154       0.23037746396539599       0.39162209049356622      -0.50732363055629404       0.32375708133433290     
   9.8197379229349901E-002  0.60426827860454280       0.78650368697855966       0.76539993228313175       0.20604801120298488       0.22242013632088423       0.24589414548177063       0.40553163361499012      -0.52900352140990248       0.33315474818011453     
  0.10563638098488319       0.62841854910817185       0.79908185194599568       0.78532791924843082       0.21986392105976729       0.21857021257016196       0.26177650669984748       0.41873521444429329      -0.55016081701534858       0.34177128640293009     
  0.11339710565081859       0.65212274489022959       0.80883579340457623       0.80322575795155493       0.23417379712818856       0.21372987895763834       0.27799729792056094       0.43122716367760644      -0.57076852904405340       0.34961649887720225     
  0.12148096384636693       0.67536767751588878       0.81578654355847113       0.81904930210086846       0.24898162565899976       0.20801954706145132       0.29452170891584789       0.44299131979703021      -0.59078263286700561       0.35669243146796431     
  0.12988799006006824       0.69812127196605689       0.81995449287245381       0.83274263618725564       0.26428731314697745       0.20155425302639673       0.31130817295845503       0.45400277825036339      -0.61014417264250409       0.36299474467316944     
  0.13861723094140663       0.72033386584605097       0.82136366770641422       0.84424239863793693       0.28008732040661821       0.19444345987782646       0.32830903808708056       0.46422952925535760      -0.62878127379922921       0.36851397883685177     
  0.14766709515072868       0.74193945017598428       0.82004550421185562       0.85348199441407901       0.29637520244148513       0.18679089463521778       0.34547112906197458       0.47363399916335408      -0.64661109687048757       0.37323672130039803     
  0.15703566867650373       0.76285690686273655       0.81604207255235206       0.86039567274079232       0.31314205838337744       0.17869442172816682       0.36273622206693057       0.48217450756625524      -0.66354176287284095       0.37714668244447286     
  0.16672099822266642       0.78299129484275465       0.80940870954371946       0.86492243051243622       0.33037689407935922       0.17024595366008841       0.38004145295757363       0.48980664952969122      -0.67947427609299682       0.38022568618431429     
  0.17672134406783865       0.80223523299941257       0.80021602621591459       0.86700968894890296       0.34806689855986406       0.16153139922903686       0.39731967869549567       0.49648460950553486      -0.69430446509231236       0.38245457914424730     
  0.18703540274033267       0.82047042294141259       0.78855126919879559       0.86661668121447621       0.36619763465102428       0.15263064895587752       0.41449981049908552       0.50216241065629641      -0.70792495686384826       0.38381406148267161     
  0.19766249897344237       0.83756934825347951       0.77451903049475102       0.86371748280370275       0.38475314341895211       0.14361759673176036       0.43150713614207620       0.50679510056521049      -0.72022719236438215       0.38428544119641012     
  0.20860274573173604       0.85339717863230669       0.75824131808624484       0.85830361523292176       0.40371596196538478       0.13456019611295009       0.44826364769669025       0.51033987167490991      -0.73110348416295468       0.38385131273269602     
  0.21985717064554866       0.86781389723122881       0.73985701868172216       0.85038615736991807       0.42306705433455905       0.12552054918494482       0.46468838980526384       0.51275711237041954      -0.74044910886439330       0.38249615990617386     
  0.23142780695801074       0.88067665752376523       0.71952080237175431       0.83999730765839187       0.44278565593027019       0.11655502550380824       0.48069784222638701       0.51401138248082923      -0.74816441854592286       0.38020688248202411     
  0.24331774706297390       0.89184236219919621       0.69740153571611752       0.82719135422026802       0.46284903285873158       0.10771440830729999       0.49620634889233750       0.51407230520165725      -0.75415694704656921       0.37697324536525445     
  0.25553115686703659       0.90117044136664959       0.67368028363056487       0.81204502760938269       0.48323215897728627        9.9044064971901546E-002  0.51112660398864274       0.51291536611559796      -0.75834347901139376       0.37278824914520042     
  0.26807324950926847       0.90852579123361599       0.64854799046901823       0.79465723173416924       0.50390731510549425        9.0584138569405045E-002  0.52537020358288100       0.51052260918200476      -0.76065204260921793       0.36764842079135801     
  0.28095021737743781       0.91378181822672011       0.62220293632139934       0.77514817076533837       0.52484361680471447        8.2369757339982030E-002  0.53884826905522210       0.50688321932830449      -0.76102378132671489       0.36155402358214028     
  0.29416912182726851       0.91682351821719610       0.59484806556502345       0.75365791213247302       0.54600647931511337        7.4431258936815237E-002  0.55147214599709105       0.50199398164186537      -0.75941465668329244       0.35450918586404878     
  0.30773774050128649       0.91755050721921749       0.56668828128656701       0.73034444640866036       0.56735703061523401        6.6794426398415652E-002  0.56315417934350176       0.49585960813597663      -0.75579693252794167       0.34652194896872412     
  0.32166437262105169       0.91587990981742695       0.53792779182893624       0.70538132253835717       0.58885148609884941        5.9480732956197532E-002  0.57380856230808619       0.48849292462822214      -0.75016039306891735       0.33760423553489549     
  0.33595760306332223       0.91174900576505613       0.50876758516408671       0.67895495030874309       0.61044050100486502        5.2507592974593058E-002  0.58335225324319739       0.47991491237496575      -0.74251325108467947       0.32777174055944064     
  0.35062602640809060       0.90511753460768607       0.47940309396174741       0.65126167040687732       0.63206851944140285        4.5888616537596537E-002  0.59170595092580935       0.47015460167608286      -0.73288270981120818       0.31704374869826507     
  0.36567793245510993       0.89596956345254253       0.45002210009133758       0.62250469549138598       0.65367314155808220        3.9633865428960899E-002  0.59879511507915018       0.45924881759981384      -0.72131515153020442       0.30544288261012881     
  0.38112095494562293       0.88431483432261027       0.42080291280855003       0.59289102353251966       0.67518453306894066        3.3750108494496243E-002  0.60455101531547817       0.44724178116032226      -0.70787593742741639       0.29299478843806992     
  0.39696168540661436       0.87018952461790533       0.39191284088444989       0.56262841773794392       0.69652490381941523        2.8241074616677853E-002  0.60891178828789128       0.43418457257970328      -0.69264881621038454       0.27972776580509090     
  0.41320525417319043       0.85365637624364921       0.36350696612242039       0.53192253650694921       0.71760808430469181        2.3107701768132247E-002  0.61182347984743390       0.42013446654658199      -0.67573495250594129       0.26567235091462899     
  0.42985488076473971       0.83480417466556833       0.33572721457977722       0.50097428308230085       0.73833923083274511        1.8348380836963111E-002  0.61324104660273249       0.40515415251272480      -0.65725159937472122       0.25086086244490940     
  0.44691139592212303       0.81374658684120782       0.30870171267618562       0.46997742903462913       0.75861469119926916        1.3959193129961030E-002  0.61312928965467572       0.38931085592493797      -0.63733045156849877       0.23532692086548254     
  0.46437273779038807       0.79062039474596824       0.28254440835844963       0.43911654954350071       0.77832206308664176        9.9341406572363792E-003  0.61146369259041777       0.37267537876560980      -0.61611572668444492       0.21910495254424689     
  0.48223342499151678       0.76558318711087292       0.25735493257274494       0.40856529264875013       0.79734047667126640        6.2653684823365235E-003  0.60823113619681390       0.35532107978560701      -0.59376202955133750       0.20222969051956108     
  0.50048400971313389       0.73881059421449724       0.23321867331973750       0.37848499007547709       0.81554113086343671        2.9433785847850454E-003  0.60343046387224142       0.33732281629473021      -0.57043206062069818       0.18473568405633353     
  0.51911051448058287       0.71049316765426151       0.21020703329709561       0.34902360451032061       0.83278810895360711       -4.2765172911527274E-005  0.59707287439644530       0.31875587028777747      -0.54629423165185054       0.16665682906584076     
  0.53809385701819079       0.68083301796316920       0.18837784227757326       0.32031499772085309       0.84893949396774171       -2.7052412541296038E-003  0.58918212251191460       0.29969488201072503      -0.52152025161417426       0.14802593113258145     
  0.55740926857396156       0.65004032728817418       0.16777589661800915       0.29247849584287067       0.86384879656960212       -5.0572840025486284E-003  0.57979451255907999       0.28021281381327212      -0.49628274272211292       0.12887431225198651     
  0.57702571230714861       0.61832985221971093       0.14843360033828706       0.26561872250222612       0.87736669881154594       -7.1130066174075624E-003  0.56895867600740568       0.26037996630853072      -0.47075294127055495       0.10923147144326906     
  0.59690530983770351       0.58591752388346985       0.13037168476532918       0.23982566702949681       0.88934310548342721       -8.8872335459659717E-003  0.55673512989563545       0.24026306749759457      -0.44509853096431623        8.9124808174514472E-002
  0.61700278583529944       0.55301723960664240       0.11359998655641694       0.21517495360178931       0.89962948146776178       -1.0395342225327998E-002  0.54319561965717655       0.21992445365437902      -0.41948164830740120        6.8579416044682540E-002
  0.63726494257145705       0.51983792415120045        9.8118266791236267E-002  0.19172827737677661       0.90808143880437786       -1.1653114055516634E-002  0.52842225626018502       0.19942135844889627      -0.39405709091114766        4.7617952442480349E-002
  0.65763017863785544       0.48658092008347603        8.3917056589676187E-002  0.16953397521320646       0.91456152173991778       -1.2676594448630368E-002  0.51250646373648345       0.17880532406417962      -0.36897075082787123        2.6260587988896217E-002
  0.67802806848750263       0.45343774771431433        7.0978517251959375E-002  0.14862770104660472       0.91894212273628406       -1.3481961774380883E-002  0.49554775873151069       0.15812174498729642      -0.34435828667154150        4.5250375231718695E-003
  0.69837902199221891       0.42058825644530384        5.9277305147750071E-002  0.12903317908161213       0.92110844826359417       -1.4085405009613581E-002  0.47765238844327668       0.13740955178812728      -0.32034404069992023       -1.7573327724123670E-002
  0.71859404570348351       0.38819917231310164        4.8781433454430138E-002  0.11076301138683256       0.92096144134858993       -1.4503009897841630E-002  0.45893185705271128       0.11670103860870468      -0.29704020044077906       -4.0021289239018432E-002
  0.73857462978902566       0.35642303177879631        3.9453124343709872E-002   9.3819519996271930E-002  0.91842055945431178       -1.4750653433582128E-002  0.43950137336790046        9.6021834349273458E-002 -0.27454619897355503       -6.2807516108728229E-002
  0.75821278648972146       0.32539747981835943        3.1249646345760447E-002   7.8195607046316312E-002  0.91342630240735545       -1.4843906504437220E-002  0.41947825386662879        7.5391013745918528E-002 -0.25294834365108043       -8.5922232039029239E-002
  0.77739126715773188       0.29524490132013648        2.4124132405497378E-002   6.3875619670692996E-002  0.90594238662550808       -1.4797944550272705E-002  0.39898031564722491        5.4821340793573370E-002 -0.23231965980405039      -0.10935682247206666     
  0.79598398522330882       0.26607234864278811        1.8026374625383267E-002   5.0836209244357278E-002  0.89595746935194742       -1.4627466132103589E-002  0.37812429306555323        3.4319633395935925E-002 -0.21271993369153466      -0.13310339105929894     
  0.81385667150057395       0.23797172471050801        1.2903591912921963E-002   3.9047177055271012E-002  0.88348634005138205       -1.4346619341658040E-002  0.35702431016842912        1.3887234849719356E-002 -0.19419593748239122      -0.15715427564296883     
  0.83086778578660980       0.21102017987718283        8.7011667765681117E-003   2.8472300566326013E-002  0.86857051514193873       -1.3968936023942974E-002  0.33579043858132690       -6.4794250697132565E-003 -0.17678181819553734      -0.18150153436337707     
  0.84686970446170740       0.18528068156281360        5.3633474041257460E-003   1.9070136108299482E-002  0.85127819588257925       -1.3507273826962153E-002  0.31452736743388549       -2.6788198926490391E-002 -0.16049963211418777      -0.20613641251451090     
  0.86171019754502209       0.16080271791510684        2.8339109789791545E-003   1.0794795136821966E-002  0.83170357610492340       -1.2973766132118460E-002  0.29333320837101612       -4.7050541431073567E-002 -0.14536000606077995      -0.23104880032045080     
  0.87523420027473031       0.13762310004981046        1.0567840086110989E-003   3.5966921225886609E-003  0.80996551481638934       -1.2379779952504059E-002  0.27229845484690685       -6.7280802104185050E-002 -0.13136290694561156      -0.25622669093248679     
  0.88728587377220591       0.11576683138627426       -2.3384677919008031E-005  -2.5767372367079388E-003  0.78620561656725174       -1.1735881910701724E-002  0.25150511085837335       -8.7495512580350543E-002 -0.11849850109092136      -0.28165564671582466     
  0.89771093689273052        9.5248016885287182E-002  -4.6070260070799990E-004  -7.7803484484179472E-003  0.76058578793121046       -1.1051812419229954E-002  0.23102600014154001      -0.10771268934560410      -0.10674808493179266      -0.30731828039835785     
  0.90635923733892521        7.6070789342065473E-002  -3.0756812178003737E-004  -1.2070632148336174E-002  0.73328535976180209       -1.0336468181773067E-002  0.21092426270521966      -0.12795117082837604       -9.6085068794573125E-002 -0.33319375601105677     
  0.91308751511468633        5.8230234079233195E-002   3.8573548900974319E-004  -1.5505090425467874E-002  0.70449788069316621       -9.5978931085800596E-003  0.19125304145802999      -0.14823000506530229       -8.6475995577098494E-002 -0.35925731289845969     
  0.91776229624132832        4.1713297273414204E-002   1.5713833135403122E-003  -1.8141646655293761E-002  0.67442769679004266       -8.8432776922444199E-003  0.17205535764249386      -0.16856790076139583       -7.7881576355991175E-002 -0.38547981456831304     
  0.92026284034767525        2.6499666638324378E-002   3.2042871753007410E-003  -2.0038090234608716E-002  0.64328643501749105       -8.0789668187860545E-003  0.15336416985060952      -0.18898275061965286       -7.0257725296421075E-002 -0.41182732293313162     
  0.92048405341799477        1.2562616225382035E-002   5.2423081160778862E-003  -2.1251557940916137E-002  0.61128950455259978       -7.3104758931062663E-003  0.13520260759687389      -0.20949123152880936       -6.3556576817863059E-002 -0.43826069771601767     
  0.91833926781748221       -1.3019032604158834E-004   7.6464032796314634E-003  -2.1838053969436298E-002  0.57865272064597251       -6.5425150385995997E-003  0.11758436681186718      -0.23010848179411836       -5.7727468849449258E-002 -0.46473522057159944     
  0.91376278683029144       -1.1615941641320826E-002   1.0380709042613040E-002  -2.1852010988564680E-002  0.54558914188271235       -5.7790209908908860E-003  0.10051425125284433      -0.25084785130837095       -5.2717877247664267E-002 -0.49120024390366390     
  0.90671209126378893       -2.1935967428896960E-002   1.3412563833749665E-002  -2.1345894759562081E-002  0.51230619464454497       -5.0231961501323620E-003   8.3988840785076624E-002 -0.27172071661557867       -4.8474288077741262E-002 -0.51759886549820933     
  0.89716961180063270       -3.1135074819487150E-002   1.6712475672237988E-002  -2.0369854950802700E-002  0.47900313976986270       -4.2775540917195697E-003   6.7997264862205226E-002 -0.29273634942174198       -4.4942996474458000E-002 -0.54386763194196819     
  0.88514398289682295       -3.9260931806867197E-002   2.0254040934523612E-002  -1.8971424707939017E-002  0.44586891722101191       -3.5439706699940043E-003   5.2522057429126842E-002 -0.31390182442384384       -4.2070823156719499E-002 -0.56993627631766086     
  0.87067071180976296       -4.6363496677061578E-002   2.4013822123196461E-002  -1.7195271292168763E-002  0.41308038620178777       -2.8237396930697886E-003   3.7540067992330173E-002 -0.33522195048152192       -3.9805742295110705E-002 -0.59572749875871844     
  0.85381221895726056       -5.2494491848482032E-002   2.7971193368775668E-002  -1.5082999651416231E-002  0.38080096158039761       -2.1176320095815651E-003   2.3023402846813822E-002 -0.35669920821612872       -3.8097417212716020E-002 -0.62115680195210765     
  0.83465723193973052       -5.7706920262884966E-002   3.2108162968301296E-002  -1.2673010136788019E-002  0.34917963333774660       -1.4259567400470587E-003   8.9403704920995083E-003 -0.37833367710701094       -3.6897643204945478E-002 -0.64613239738768902     
  0.81331954351133517       -6.2054622322828372E-002   3.6409182403222218E-002  -1.0000410725610597E-002  0.31835034446441635       -7.4862331589169173E-004  -4.7435938426722748E-003 -0.40012293603387833       -3.6160699452065757E-002 -0.67055520180532235     
  0.78993617164825602       -6.5591871328080864E-002   4.0860950964208616E-002  -7.0969830842493847E-003  0.28843169439642485       -8.5202965447546170E-005  -1.8065047908734012E-002 -0.42206192291455791       -3.5843614430880966E-002 -0.69431894658261795     
  0.76466498568807073       -6.8373005389622599E-002   4.5452224358209885E-002  -3.9912006361611675E-003  0.25952692961524471        5.6501168668971900E-004  -3.1061727185052741E-002 -0.44414274150496252       -3.5906351289546161E-002 -0.71731042540007461     
  0.73768188452222527       -7.0452093869841248E-002   5.0173634533572646E-002  -7.0829554605143872E-004  0.23172418018189675        1.2029501609303645E-003  -4.3771812208137209E-002 -0.46635440643792231       -3.6311921241185527E-002 -0.73940990706139686     
  0.70917762957573982       -7.1882636491201954E-002   5.5017526512587928E-002   2.7296297442024678E-003  0.20509690035895045        1.8297119281413567E-003  -5.6233292193117977E-002 -0.48868252104539794       -3.7026434104631169E-002 -0.76049174048050494     
  0.67935444584501736       -7.2717293358029456E-002   5.9977816370230183E-002   6.3034520120998083E-003  0.17970447267087639        2.4465194269049162E-003  -6.8483434414047348E-002 -0.51110888630086804       -3.8019095662037830E-002 -0.78042517724242388     
  0.64842250818028668       -7.3007644236479111E-002   6.5049872758554353E-002   9.9968444518556531E-003  0.15559293732130258        3.0546770273503637E-003  -8.0558364367091573E-002 -0.53361104321014574       -3.9262161541064225E-002 -0.79907543352377952     
  0.61659642744982679       -7.2803975529397283E-002   7.0230422665476536E-002   1.3796069110457117E-002  0.13279581240405872        3.6555364377310073E-003  -9.2492757306535917E-002 -0.55616175505787779       -4.0730856925759423E-002 -0.81630500732444045     
  0.58409184287011640       -7.2155093461735528E-002   7.5517480522807198E-002   1.7689752685716091E-002  0.11133497443556900        4.2504687985865973E-003 -0.10431963753143372      -0.57872843998755730       -4.2403270642737918E-002 -0.83197525883680135     
  0.55112221368848990       -7.1108162057007027E-002   8.0910298431698044E-002   2.1668654056746055E-002   9.1221573078683310E-002   4.8408434589844234E-003 -0.11607027800340389      -0.60127256837387377       -4.4260231159866270E-002 -0.84594825143636787     
  0.51789588687935573       -6.9708564536267947E-002   8.6409334219634037E-002   2.5725431794120436E-002   7.2456958265324251E-002   5.4280131933403513E-003 -0.12777418965511203      -0.62374904326768865       -4.6285170879336333E-002 -0.85808883847033690     
  0.48461349898475131       -6.7999786809807394E-002   9.2016233318996887E-002   2.9854419397465214E-002   5.5033602063450454E-002   6.0133054076567426E-003 -0.13945918722404632      -0.64610558579130750       -4.8463983905082463E-002 -0.86826696720444807     
  0.45146575108299059       -6.6023321760462786E-002   9.7733820071632005E-002   3.4051415154343234E-002   3.8936001437435364E-002   6.5980187103655196E-003 -0.15115151668864593      -0.66828215066847851       -5.0784881301167005E-002 -0.87636015662413236     
  0.41863157734147538       -6.3818593038978605E-002  0.10356609399924596        3.8313492354980591E-002   2.4141551435958197E-002   7.1834240921213582E-003 -0.16287602841459048      -0.69021040001294143       -5.3238246798804484E-002 -0.88225609112871262     
