   0.0000000000000000        0.0000000000000000        0.0000000000000000        0.0000000000000000        0.0000000000000000        0.0000000000000000        0.0000000000000000        0.0000000000000000        0.0000000000000000        0.0000000000000000     
   0.0000000000000000        0.0000000000000000        0.0000000000000000        0.0000000000000000        0.0000000000000000        0.0000000000000000        0.0000000000000000        0.0000000000000000        0.0000000000000000        0.0000000000000000     
  -9.0891081960747105E-002   1.5320607693733690E-002   6.1921828627974811E-003  -1.4751542251030012E-002   8.2615650064703658E-002   8.7191622322283641E-003  -4.4611051778728386E-002  -2.3985171229002702E-002   4.2109392465664072E-002  -1.2667049043639925E-002
 -0.17269305606401517        2.9109154675167719E-002   1.1765147462382892E-002  -2.8027930331910800E-002  0.15696973543070425        1.6566408273715305E-002  -8.4760998545773042E-002  -4.5571825424456855E-002   8.0007845841631439E-002  -2.4067393230104289E-002
 -0.24609140218050390        4.1399045708441662E-002   1.6598587946273620E-002  -3.9784207104990928E-002  0.22362195419810421        2.3687213006159245E-002 -0.12076484449915972       -6.4749966343217724E-002  0.11381064547872621       -3.4109095077371136E-002
 -0.31171730385501883        5.2232909693909459E-002   2.0603059456967891E-002  -5.0000290740470514E-002  0.28309681308994133        3.0206781572815235E-002 -0.15291842369531183       -8.1535922393684901E-002  0.14365261163864762       -4.2731446009870402E-002
 -0.37014577673560539        6.1661274945798206E-002   2.3715526056573601E-002  -5.8677472763983982E-002  0.33588096252715816        3.6233023744048659E-002 -0.18149718973633927       -9.5966795679254036E-002  0.16968299725758015       -4.9899371875471159E-002
 -0.42189641222838442        6.9741320020523384E-002   2.5895415388900455E-002  -6.5835219457311772E-002  0.38242273029365254        4.1859078043203234E-002 -0.20675577548542373      -0.10809581236129914       0.19206134033693628       -5.5598669903603182E-002
 -0.46743602509057908        7.6535714214798198E-002   2.7121121722191575E-002  -7.1508270346168690E-002  0.42313330563145074        4.7165455954192172E-002 -0.22892815427106461      -0.11798845980399096       0.21095415247230934       -5.9831972652928722E-002
 -0.50718262709391770        8.2111549681158649E-002   2.7386900870843174E-002  -7.5744011926316412E-002  0.45838910792322574        5.2221866426814909E-002 -0.24822825798745693      -0.12571929985988503       0.22653231081846412       -6.2615343075272833E-002
 -0.54151026384741652        8.6539361027776374E-002   2.6700106785637168E-002  -7.8600099306441379E-002  0.48853495255777979        5.7088771722864057E-002 -0.26485093079800137      -0.13136935588386739       0.23896902220831384       -6.3975414284061616E-002
 -0.57075434711568984        8.9892225757679731E-002   2.5078727729893752E-002  -8.0142298760524061E-002  0.51388769683548763        6.1818717538236180E-002 -0.27897311832232513      -0.13502398147140901       0.24843823835741238       -6.3946997233232064E-002
 -0.59521719197785838        9.2244938378225075E-002   2.2549188319103339E-002  -8.0442527493051877E-002  0.53474010956254348        6.6457473307562381E-002 -0.29075521064627025      -0.13677113011229880       0.25511341571479174       -6.2571088827013219E-002
 -0.61517352966674532        9.3673251509578948E-002   1.9144391361011655E-002  -7.9577071487661521E-002  0.55136475965824117        7.1045012593276669E-002 -0.30034247316359525      -0.13669995606591126       0.25916652983910626       -5.9893221718579033E-002
 -0.63087581601224518        9.4253178271491725E-002   1.4901979899628326E-002  -7.7624967092110045E-002  0.56401776279264471        7.5616358388991126E-002 -0.30786651233433660      -0.13489968728753182       0.26076727054495746       -5.5962105069479393E-002
 -0.64255919507364501        9.4060351309810206E-002   9.8628049297453130E-003  -7.4666536398138514E-002  0.57294226216885069        8.0202313920435794E-002 -0.31344673424899377      -0.13145872089164667       0.26008235953697417       -5.0828512769374182E-002
 -0.65044601038796801        9.3169434869417617E-002   4.0695878735663793E-003  -7.0782070192840871E-002  0.57837155139472340        8.4830095996315191E-002 -0.31719176277815764      -0.12646390030291269       0.25727494632907827       -4.4544382048596572E-002
 -0.65474978438189047        9.1653587250435320E-002  -2.4342308289000371E-003  -6.6050655147123896E-002  0.58053177506535425        8.9523885041449897E-002 -0.31920079141057051      -0.11999994088773135       0.25250405070481197       -3.7162091079515798E-002
 -0.65567861144282191        8.9583971772560361E-002  -9.6054646296110727E-003  -6.0549143924259155E-002  0.57964416702545241        9.4305303539721899E-002 -0.31956484894939408      -0.11214897750282832       0.24592403074419839       -2.8733889100794295E-002
 -0.65343793293763375        8.7029315018109996E-002  -1.7401982906615834E-002  -5.4351268051342980E-002  0.57592680783427697        9.9193832639610499E-002 -0.31836796431090486      -0.10299021309563951       0.23768406454774046       -1.9311456865429698E-002
 -0.64823268364319331        8.4055511639395453E-002  -2.5783350593497539E-002  -4.7526893745304735E-002  0.56959590198973264       0.10420717505662315      -0.31568821996815771       -9.2599652312359643E-002  0.22792764130247434       -8.9455788666591447E-003
 -0.64026881874897046        8.0725275415377870E-002  -3.4711315332073021E-002  -4.0141420490524556E-002  0.56086659205631673       0.10936157108152149      -0.31159868727533008       -8.1049908085685296E-002  0.21679206335612544        2.3140881068349894E-003
 -0.62975424864305707        7.7097836539471096E-002  -4.4150153906519871E-002  -3.2255321111437876E-002  0.54995334092412063       0.11467207341754321      -0.30616824012717242       -6.8410072457697937E-002  0.20440796560065572        1.4419162937660369E-002
 -0.61689922473734438        7.3228685324149445E-002  -5.4066891680797549E-002  -2.3923820471406010E-002  0.53706992488099858       0.12015278567914793      -0.29946224624839779       -5.4745645513370994E-002  0.19089886182513810        2.7322615369598825E-002
 -0.60191623317564358        6.9169362623208108E-002  -6.4431410625231930E-002  -1.5196707876822818E-002  0.52242908888764239       0.12581706865203823      -0.29154313793737652       -4.0118518322814524E-002  0.17638072988769521        4.0978777369734695E-002
 -0.58501946396262405        6.4967297299097088E-002  -7.5216463067052430E-002  -6.1182759093090372E-003  0.50624192134111112       0.13167771780863249      -0.28247086635132768       -2.4587007278381375E-002  0.16096164868231722        5.5343298211773910E-002
 -0.56642393051006401        6.0665690997146672E-002  -8.6397609348111679E-002   3.2726240975637661E-003  0.48871700872389356       0.13774711506952700      -0.27230324544214879       -8.2059382264570331E-003  0.14474150004166186        7.0373049738589724E-002
 -0.54634431863562982        5.6303450325099168E-002  -9.7953097977701076E-002   1.2942422210320003E-002  0.47005943100141473       0.14403735737904047      -0.26109619344495472        8.9732206082026728E-003  0.12781174802369508        8.6025987440647475E-002
 -0.52499364467519127        5.1915166269283122E-002 -0.10986370653860382        2.2862580248998756E-002  0.45046965670226441       0.15056036430470213      -0.24890388138695285        2.6902177667612600E-002  0.11025530658197458       0.10226097239821041     
 -0.50258179978772910        4.7531140303893382E-002 -0.12211256050942845        3.3009268852184651E-002  0.43014239264253329       0.15732796656264147      -0.23577879941711313        4.5535589897744810E-002   9.2146504524308018E-002  0.11903755874491292     
 -0.47931405212762673        4.3177456166840718E-002 -0.13468494533747810        4.3362989182670890E-002  0.40926543766261542       0.16435197710194135      -0.22177175284758455        6.4830788504521022E-002   7.3551154036958388E-002  0.13631575108686617     
 -0.45538957086065052        3.8876095689858170E-002 -0.14756812462539010        5.3908157971923942E-002  0.38801858299772207       0.17164424614190987      -0.20693180063432753        8.4747460246747605E-002   5.4526726015178668E-002  0.15405573622608418     
 -0.43100002662783565        3.4645096394568524E-002 -0.16075117432459252        6.4632674628637476E-002  0.36657259447594320       0.17921670133944234      -0.19130614959520872       0.10524728650737768        3.5122632130016582E-002  0.17221759356363275     
 -0.40632831267383440        3.0498747820831694E-002 -0.17422483954084256        7.5527488377587534E-002  0.34508830407933860       0.18708137406315822      -0.17494001795848793       0.12629354308649876        1.5380610121527791E-002  0.19076098867336883     
 -0.38154742009546050        2.6447822768204305E-002 -0.18798141715516159        8.6586181860152517E-002  0.32371583091223416       0.19525041256200129      -0.15787648184558087       0.14785066439071004       -4.6647946049932706E-003  0.20964485472133110     
 -0.35681949011370584        2.2499838842946471E-002 -0.20201466415423414        9.7804585383893833E-002  0.30259394462374323       0.20373608263469262      -0.14015631801539249       0.16988377640980390       -2.4985661228804558E-002  0.22882706664170094     
 -0.33229505641534235        1.8659344955211592E-002 -0.21631972854006895       0.10918043317475763       0.28184957807345323       0.21255075622991065      -0.12181785563439279       0.19235820353568336       -4.5560052633907333E-002  0.24826411325368625     
 -0.30811248182018691        1.4928226751163152E-002 -0.23089309711139130       0.12071306972472336       0.26159749066971005       0.22170688823318199      -0.10289684899368592       0.21523895486185726       -6.6371316793356283E-002  0.26791077280333542     
 -0.28439758605650717        1.1306024440575310E-002 -0.24573255239875899       0.13240321083344822       0.24194007942682164       0.23121698152371797       -8.3426381984914227E-002  0.23849019608671296       -8.7407347534959323E-002  0.28771979773109407     
 -0.26126345540060925        7.7902561364012199E-003 -0.26083712966287842       0.14425276042197963       0.22296733138613409       0.24109354021196039       -6.3436813791595589E-002  0.26207471352376616      -0.10865982276946733       0.30764161479239671     
 -0.23881042038229763        4.3767396958066338E-003 -0.27620706415193857       0.15626468085361755       0.20475690857200154       0.25134901079612704       -4.2955773680081369E-002  0.28595337700312456      -0.13012343838822554       0.32762404698794267     
 -0.21712618461331440        1.0599061679889342E-003 -0.29184371873320653       0.16844291151465277       0.18737435500795224       0.26199571080387740       -2.2008211021810158E-002  0.31008460864838899      -0.15179515529116303       0.34761206408524620     
 -0.19628608593297314       -2.1669016759020845E-003 -0.30774948250179640       0.18079232793433320       0.17087341437179779       0.27304574431425177       -6.1650479153563947E-004  0.33442386466088675      -0.17367347540428796       0.36754756882447037     
 -0.17635347031194376       -5.3111516362464219E-003 -0.32392763193185792       0.19331873186239559       0.15529644647641846       0.28451090358681752        2.1199365181529629E-002  0.35892313737585219      -0.19575776015796875       0.38736922618705638     
 -0.15738015911568223       -8.3808702609085867E-003 -0.34038214746175421       0.20602886152704247       0.14067493077790266       0.29640255586173886        4.3421584920266279E-002  0.38353048501561882      -0.21804760184438679       0.40701234334815040     
 -0.13940699120095840       -1.1384420926918798E-002 -0.35711747997892340       0.21893041076932643       0.12703004539451870       0.30873151423932438        6.6034212615499327E-002  0.40818959679676720      -0.24054225472187252       0.42640880811019027     
 -0.12246442270703950       -1.4330314677242969E-002 -0.37413826338070100       0.23203204584893411       0.11437331054419717       0.32150789140448038        8.9022828027839146E-002  0.43283940139104099      -0.26324012888890935       0.44548709369515749     
 -0.10657316912899292       -1.7227055410940384E-002 -0.39144897113632793       0.24534340936154517       0.10270728577180420       0.33474093483543937       0.11237413009235199       0.45741372722336004      -0.28613834603815086       0.46417233771941274     
  -9.1744876169121581E-002  -2.0083019762531303E-002 -0.40905351648378657       0.25887510179302886        9.2026310762700403E-002  0.34843884203340575       0.13607548923336046       0.48184102372818854      -0.30923235245554548       0.48238650294304619     
  -7.7982807824907907E-002  -2.2906370797949868E-002 -0.42695479750677257       0.27263863263974808        8.2317279875096863E-002  0.36260855423801913       0.16011446198143012       0.50604415346994136      -0.33251558127832209       0.50004862692465135     
  -6.5282542086151737E-002  -2.5705003560122695E-002 -0.44515418981958338       0.28664633462282763        7.3560440746852002E-002  0.37725552706202670       0.18447827622101590       0.52994026592933630      -0.35597915327177898       0.51707516696801159     
  -5.3632666404108617E-002  -2.8486519567312133E-002 -0.46365099093149170       0.30091123619965715        6.5730207444642766E-002  0.39238347649828920       0.20915329576054004       0.55344076470036518      -0.37961160339623834       0.53338044566469356     
  -4.3015466708489769E-002  -3.1258226639113006E-002 -0.48244182157830950       0.31544688922481456        5.8795978649946623E-002  0.40799409883617022       0.23412447290374758       0.57645138073408564      -0.40339861933451382       0.54887720086553626     
  -3.3407605151349919E-002  -3.4027159920519169E-002 -0.50151999042538409       0.33026715015148073        5.2722951361096164E-002  0.42408676318748290       0.25937479733337693       0.59887236497601537      -0.42732277800839569       0.56347724201391991     
  -2.4780782933928179E-002  -3.6800119700270424E-002 -0.52087482960401543       0.34538591453245165        4.7472920591897831E-002  0.44065817558161680       0.28488474894254529       0.62059881411540152      -0.45136326694974283       0.57709221242011588     
  -1.7102385520353005E-002  -3.9583721567466180E-002 -0.54049100959109697       0.36081680573964126        4.3005055630932321E-002  0.45770201396444138       0.31063176133798165       0.64152114301755636      -0.47549557917840751       0.58963445424752003     
  -1.0336108267759903E-002  -4.2384454599152806E-002 -0.56034784303158736       0.37657281975748558        3.9276643658765160E-002  0.47520853394714668       0.33658970168712382       0.66152571655469994      -0.49969117290272674       0.60101796974610167     
  -4.4425610201566891E-003  -4.5208743590375799E-002 -0.58041858828508719       0.39266592862395044        3.6243791963851128E-002  0.49316414582187146       0.36272837150083281       0.68049565180019933      -0.52391709079050353       0.61115946866882387     
   6.2014945712809012E-004  -4.8063011789663365E-002 -0.60066976479382606       0.40910664561492055        3.3862080699597466E-002  0.51155096421408663       0.38901303195914316       0.69831179874152705      -0.54813553762416933       0.61997948794455293     
   4.8958601612240169E-003  -5.0953741146701530E-002 -0.62106049384952167       0.42590355562916865        3.2087159112800641E-002  0.53034633280029797       0.41540395662632801       0.71485390367702828      -0.57230341969931420       0.62740356569721256     
   8.4298165877643091E-003  -5.3887527674892806E-002 -0.64154187999226697       0.44306281447753060        3.0875279450612636E-002  0.54952232780500809       0.44185601398475405       0.73000195423351899      -0.59637185418520866       0.63336344777414533     
   1.1268162540788744E-002  -5.6871130142310052E-002 -0.66205645009332703       0.46058762096385863        3.0183764294636876E-002  0.56904524552061220       0.46831828224963140       0.74363769850456418      -0.62028566166632149       0.63779830128645021     
   1.3457456209427175E-002  -5.9911510897956030E-002 -0.68253766911345093       0.47847766582322282        2.9971404823880322E-002  0.58887508087926177       0.49473369948800122       0.75564632329599479      -0.64398286004726768       0.64065590650085080     
   1.5044213929796975E-002  -6.3015868190167634E-002 -0.70290955351236417       0.49672856181239489        3.0198789394858046E-002  0.60896500614842619       0.52103875319912107       0.76591826812568153      -0.66739418274735063       0.64189379599325991     
   1.6074483299729915E-002  -6.6191659821220036E-002 -0.72308640519786238       0.51533125958550507        3.0828563749272155E-002  0.62926086111022705       0.54716321522056621       0.77435114282935957      -0.69044264844543657       0.64148030850450388     
   1.6593447555618594E-002  -6.9446618394237963E-002 -0.74297269058702120       0.53427145448718738        3.1825626008255829E-002  0.64970066858901077       0.57302993005607272       0.78085170785709668      -0.71304321336231935       0.63939552462420912     
   1.6645063323415473E-002  -7.2788758739172496E-002 -0.76246309060803641       0.55352899010416767        3.3157261277119238E-002  0.67021419185965103       0.59855466737497487       0.78533786818164097      -0.73510253997471275       0.63563205241541354     
   1.6271733988692260E-002  -7.6226378352984736E-002 -0.78144274806071601       0.57307726537367198        3.4793222065789810E-002  0.69072255322039333       0.62364605235143611       0.78774062481332630      -0.75651891791768644       0.63019563345853225     
   1.5514020964328698E-002  -7.9768051858704142E-002 -0.79978773840699113       0.59288265328190604        3.6705761747910799E-002  0.71113793573558415       0.64820559048328663       0.78800592286844851      -0.77718237341400020       0.62310554353662606     
   1.4410395042599155E-002  -8.3422620585291665E-002 -0.81736578849240038       0.61290394071273913        3.8869628884586144E-002  0.73136339269553197       0.67212780629514990       0.78609633256221556      -0.79697500262685272       0.61439476721406661     
   1.2997029779863827E-002  -8.7199178403915806E-002 -0.83403726461966454       0.63309180082226690        4.1262030409394863E-002  0.75129279151422501       0.69530051758867728       0.78199249987523478      -0.81577156163056008       0.60410993169912264     
   1.1307638462499837E-002  -9.1107054936177226E-002 -0.84965644654908334       0.65338831139367903        4.3862571426804067E-002  0.77081092036327115       0.71760526832717941       0.77569430728394695      -0.83344034101963793       0.59231099236921547     
   9.3733556370753316E-003  -9.5155797186168220E-002 -0.86407309719190928       0.67372653491665002        4.6653178765913676E-002  0.78979378656053012       0.73891794349651929       0.76722169193835288      -0.84984434636843809       0.57907066985322531     
   7.2226634621715864E-003  -9.9355150550945709E-002 -0.87713432889554177       0.69403017855278060        4.9618014530944804E-002  0.80810913530772588       0.75910958804582418       0.75661507884833978      -0.86484279672968423       0.56447364624463303     
   4.8813622723718909E-003 -0.10371504004221760      -0.88868675633524319       0.71421335457429935        5.2743384791507454E-002  0.82561721550645673       0.77804744899762723       0.74393539957395605      -0.87829294215604159       0.54861553548466413     
   2.3725837686355091E-003 -0.10824555241399603      -0.89857891334314322       0.73418046413927385        5.6017647358910079E-002  0.84217181579259714       0.79559625481591267       0.72926368193337665      -0.89005218803135022       0.53160164984278180     
  -2.8315579186999991E-004 -0.11295691974367753      -0.90666389694214933       0.75382622919475961        5.9431121395967290E-002  0.85762158837288871       0.81161973902496343       0.71270021247814586      -0.89998049917780887       0.51354559041166137     
  -3.0678660839405635E-003 -0.11785950486329219      -0.91280218704767313       0.77303589864271682        6.2976000491459239E-002  0.87181167055920794       0.82598240591185823       0.69436328994791929      -0.90794304083686994       0.49456769436903192     
  -5.9659615547557384E-003 -0.12296378888813014      -0.91686457560085388       0.79168565539216862        6.6646269862869201E-002  0.88458560402633313       0.83855152511721265       0.67438760357957916      -0.91381299748740652       0.47479337526482457     
  -8.9641141674432594E-003 -0.12828036094510886      -0.91873512532531820       0.80964325026266104        7.0437627576555861E-002  0.89578753987469228       0.84919932940579279       0.65292228403873320      -0.91747449503562162       0.45435139468391988     
  -1.2051086291014517E-002 -0.13381991006557986      -0.91831406698896378       0.82676888660098746        7.4347409114614085E-002  0.90526470385849300       0.85780537648944166       0.63012868604069083      -0.91882553829880476       0.43337210431667766     
  -1.5217550431781716E-002 -0.13959321907838984      -0.91552053615577000       0.84291637564611877        7.8374514272701201E-002  0.91287008115579749       0.86425902221269757       0.60617796982474137      -0.91778086508526957       0.41198569682629615     
  -1.8455902670450372E-002 -0.14561116021978557      -0.91029504698836494       0.85793457689586483        8.2519335225879120E-002  0.91846526454787636       0.86846193962278984       0.58124855319440671      -0.91427461168304036       0.39032050208440289     
  -2.1760076531606325E-002 -0.15188469206740599      -0.90260160254780197       0.87166912984724587        8.6783684620007018E-002  0.92192339478483665       0.87033060744393476       0.55552350677167739      -0.90826268318822079       0.36850136255067173     
  -2.5125363566417251E-002 -0.15842485730590866      -0.89242934872868751       0.88396447347897056        9.1170722696608281E-002  0.92313210834908077       0.86979868329372734       0.52918796263671153      -0.89972472652361890       0.34664811801977591     
  -2.8548246196295163E-002 -0.16524278074107085      -0.87979369252035033       0.89466613785934257        9.5684882698696433E-002  0.92199639697978863       0.86681917257290919       0.50242660106625170      -0.88866561451352477       0.32487422587427295     
  -3.2026247388279902E-002 -0.17234966689657866      -0.86473682425252474       0.90362327863204628       0.10033179409417865       0.91844127636529882       0.86136630410322534       0.47542127224481362      -0.87511636580381913       0.30328553857503932     
  -3.5557800573853514E-002 -0.17975679645203646      -0.84732760691535258       0.91069141040726043       0.10511820345676502       0.91241415938049286       0.85343702877232153       0.44834880030507457      -0.85913444704178232       0.28197925557297854     
  -3.9142141956819990E-002 -0.18747552071074397      -0.82766082213633552       0.91573528003607974       0.11005189313262013       0.90388683290687633       0.84305206779246877       0.42137900659190874      -0.84080342935513719       0.26104306228102558     
  -4.2779226064251857E-002 -0.19551725322019170      -0.80585579021361553       0.91863180633736674       0.11514159807222699       0.89285694699717932       0.83025645239275847       0.39467297833968351      -0.82023199918194234       0.24055446430778771     
  -4.6469664157899299E-002 -0.20389345760571284      -0.78205440883502275       0.91927300018702229       0.12039692140626151       0.87934894082559345       0.81511951611187938       0.36838159862185915      -0.79755235201848274       0.22058032088921628     
  -5.0214684014577696E-002 -0.21261563061704564      -0.75641867986185229       0.91756876914251562       0.12582824948351601       0.86341435086507934       0.79773432321717863       0.34264434397235677      -0.77291802469812532       0.20117657739656963     
  -5.4016108661830230E-002 -0.22169527932757593      -0.72912781413985939       0.91344950508918643       0.13144666716555911       0.84513147190956994       0.77821654071633295       0.31758834784667211      -0.74650124552480390       0.18238819295958553     
  -5.7876350960630395E-002 -0.23114389136577279      -0.70037501940748181       0.90686835272128685       0.13726387418886773       0.82460436933439096       0.75670278534403934       0.29332772130123552      -0.71848990038977534       0.16424925562417253     
  -6.1798420481111518E-002 -0.24097289699706081      -0.67036408518816781       0.89780306167864488       0.14329210336585424       0.80196126949104540       0.73334849916722511       0.26996311700224757      -0.68908422577489326       0.14678327406505862     
  -6.5785938921484238E-002 -0.25119362181164662      -0.63930588081867024       0.88625733611244895       0.14954404130889465       0.77735238237637316       0.70832542656360997       0.24758151889554331      -0.65849334570627871       0.13000363170641518     
  -6.9843160357761613E-002 -0.26181722870955609      -0.60741487876199796       0.87226161212929776       0.15603275223458316       0.75094723480027803       0.68181878007517183       0.22625623745221068      -0.62693176925509175       0.11391418619494711     
  -7.3974992851597102E-002 -0.27285464780872060      -0.57490580584193141       0.85587321522411985       0.16277160524774792       0.72293161157812125       0.65402419219533625       0.20604708916274747      -0.59461595860516947        9.8509994567956102E-002
  -7.8187018344375081E-002 -0.28431649283631216      -0.54199051113538654       0.83717587523603876       0.16977420532469559       0.69350421560742892       0.62514455414413783       0.18700073866067285      -0.56176106597643438        8.3778142230831215E-002
  -8.2485508281244485E-002 -0.29621296249927009      -0.50887512230714371       0.81627860392703289       0.17705432802042209       0.66287316440738464       0.59538684120825769       0.16915118227677803      -0.52857792206879473        6.9698652086981588E-002
