   0.0000000000000000        0.0000000000000000        0.0000000000000000        0.0000000000000000        0.0000000000000000        0.0000000000000000        0.0000000000000000        0.0000000000000000        0.0000000000000000        0.0000000000000000     
   0.0000000000000000        0.0000000000000000        0.0000000000000000        0.0000000000000000        0.0000000000000000        0.0000000000000000        0.0000000000000000        0.0000000000000000        0.0000000000000000        0.0000000000000000     
   6.8894213640792512E-002  0.60456609647675963       0.93257675777648574       0.84237067054850523       0.16046914048845973       0.34995897150758104       0.18980581020325785       0.42766412027899203      -0.52397363307983336       0.37191614806532713     
   6.8894213640792512E-002  0.60456609647675963       0.93257675777648585       0.84237067054850523       0.16046914048845973       0.34995897150758104       0.18980581020325785       0.42766412027899203      -0.52397363307983336       0.37191614806532713     
   8.0135512468556672E-002  0.63464457278930131       0.94347787042166464       0.86667294456105870       0.18038430813028261       0.32920622039749003       0.21538625106524315       0.44375648098702830      -0.55233190505096674       0.38033070734432822     
   9.1551476448336916E-002  0.66385196963155035       0.95114624377493895       0.88859956597677636       0.20063072688346517       0.30830684022064886       0.24105621703562122       0.45960174560381162      -0.58038543048542646       0.38855249647543011     
  0.10321834360182511       0.69337371587124708       0.95523137050785989       0.90817789869388843       0.22133774771942222       0.28850182918799749       0.26626342882213022       0.47391053352524104      -0.60732586640879027       0.39532617543406001     
  0.11516433027218442       0.72297288763064149       0.95561398221294236       0.92509111784313591       0.24253495821377330       0.26983284138200547       0.29100101552986674       0.48663142214667143      -0.63300810607070301       0.40063434259207698     
  0.12742293118673387       0.75245051727127032       0.95223507306888433       0.93904937980450509       0.26425942930138069       0.25226162344555825       0.31518028042224733       0.49766939300883117      -0.65723957223222251       0.40443590482648389     
  0.14002796892831834       0.78157709873427450       0.94510251707684123       0.94979093788900004       0.28654568156957616       0.23574225981755687       0.33870599728008904       0.50693399449466736      -0.67981944911534464       0.40669463514453680     
  0.15301377233845731       0.81009578127047799       0.93429268097939577       0.95709271413888763       0.30942521590922428       0.22022675973983036       0.36147796081432243       0.51434469934366878      -0.70054305412920892       0.40738383278013329     
  0.16641524663171514       0.83772377232534623       0.91994889933055013       0.96078023022862735       0.33292578190005329       0.20566627102330101       0.38339117910347303       0.51983259574025875      -0.71920601168870868       0.40648672965726218     
  0.18026788598828689       0.86415515725851288       0.90227689136687494       0.96073627339162215       0.35707048147654874       0.19201184174151725       0.40433650894911177       0.52334205978492965      -0.73560909154023579       0.40399681319864233     
  0.19460772246054436       0.88906517998973100       0.88153739755712568       0.95690762433571264       0.38187669744494462       0.17921500723647990       0.42420152560037372       0.52483220214801385      -0.74956353450982460       0.39991795839700323     
  0.20947121046170586       0.91211610777482366       0.85803654288940445       0.94930926258861492       0.40735484681023976       0.16722824315581028       0.44287162859895390       0.52427800736964225      -0.76089667721284815       0.39426434627316270     
  0.22489504629179199       0.93296471208945997       0.83211460641035673       0.93802562502245324       0.43350696137016942       0.15600530765441617       0.46023138198411739       0.52167110440689568      -0.76945763590003313       0.38706016806172788     
  0.24091592161571188       0.95127128195562505       0.80413397173856738       0.92320871361246870       0.46032510150526501       0.14550149215926106       0.47616607666442429       0.51702012103065920      -0.77512276761861509       0.37833912311283280     
  0.25757020862749186       0.96670994497614537       0.77446704312182790       0.90507310462342150       0.48778961402854543       0.13567379737577964       0.49056349134655780       0.51035059299157337      -0.77780060216444780       0.36814372721084027     
  0.27489357301921302       0.97897991505887938       0.74348484159457395       0.88388817133249364       0.51586725196860161       0.12648104875037783       0.50331581587170560       0.50170441999982396      -0.77743593657643761       0.35652445599329585     
  0.29292050902903954       0.98781713014170491       0.71154686290569114       0.85996806172548246       0.54450918378632696       0.11788396338470743       0.51432168785658905       0.49113888296199543      -0.77401280899135849       0.34353875486513519     
  0.31168378896263160       0.99300560893755452       0.67899260728793798       0.83366014116132292       0.57364893219559332       0.10984517843575667       0.52348828110897760       0.47872525890058892      -0.76755612143101326       0.32924995184944017     
  0.33121381784008691       0.99438776610923119       0.64613500696137971       0.80533269755380354       0.60320029872282566       0.10232924932795158       0.53073337348309579       0.46454708985587945      -0.75813175886999684       0.31372611293444780     
  0.35153788237608263       0.99187290237311720       0.61325580387235767       0.77536270642864724       0.63305534939138763        9.5302624635076202E-002  0.53598731382399989       0.44869817833190062      -0.74584514842148664       0.29703888055574762     
  0.37267928251052224       0.98544314580826875       0.58060278487612249       0.74412437250836394       0.66308255907815383        8.8733603240271991E-002  0.53919480353606108       0.43128039334938967      -0.73083830831724428       0.27926233493412633     
  0.39465633333858208       0.97515626842300729       0.54838867419199611       0.71197902191582119       0.69312523628753342        8.2592278328327870E-002  0.54031640902364519       0.41240137723248593      -0.71328554036003056       0.26047191525341390     
  0.41748122573631352       0.96114502918234501       0.51679141610170420       0.67926674010372290       0.72300037480684920        7.6850471881943577E-002  0.53932972738680418       0.39217224373219361      -0.69338801035380304       0.24074343339996077     
  0.44115873547336298       0.94361297805616373       0.48595555140863189       0.64629996202287099       0.75249810165608888        7.1481662619653358E-002  0.53623013945581532       0.37070535333543086      -0.67136752896113017       0.22015220756288131     
  0.46568477342798015       0.92282696022387278       0.45599439233664202       0.61335904626268434       0.78138190877228542        6.6460909706353904E-002  0.53103110113218654       0.34811224240845878      -0.64745988393515730       0.19877233681525372     
  0.49104477400204494       0.89910684443273692       0.42699272389253673       0.58068972079663006       0.80938986496973264        6.1764774068643280E-002  0.52376394514191826       0.32450177026323385      -0.62190808123290187       0.17667613126394305     
  0.51721192535133731       0.87281322555301744       0.39900979682950505       0.54850218361025871       0.83623700020356673        5.7371238739726341E-002  0.51447718928261110       0.29997853355295795      -0.59495582887289000       0.15393370584026145     
  0.54414525400346825       0.84433398907375368       0.37208242092305277       0.51697157864717858       0.86161903105678439        5.3259629327754139E-002  0.50323537228243231       0.27464158184226878      -0.56684154891491056       0.13061273962026956     
  0.57178758823385878       0.81407066031430009       0.34622801165954403       0.48623954230363231       0.88521755006576741        4.9410535434767665E-002  0.49011746253582739       0.24858345288260492      -0.53779313742756807       0.10677839695719370     
  0.60006343955461650       0.78242539642923170       0.32144748476862772       0.45641652076992340       0.90670672872033287        4.5805733640526806E-002  0.47521490633412056       0.22188953197015845      -0.50802361859042322        8.2493401848570638E-002
  0.62887686005516785       0.74978933317018659       0.29772792903278972       0.42758458507449293       0.92576148394749980        4.2428112497553759E-002  0.45862939913012707       0.19463772743275112      -0.47772776557516655        5.7818252942915711E-002
  0.65810935509285029       0.71653279947348580       0.27504501748595750       0.39980051016795143       0.94206693358148819        3.9261599853750800E-002  0.44047047467546357       0.16689844417908156      -0.44707969449265000        3.2811563443787023E-002
  0.68761795556984429       0.68299769363923246       0.25336514038846508       0.37309892949030010       0.95532882547563225        3.6291092721054352E-002  0.42085301192865399       0.13873482950513460      -0.41623138326337139        7.5305078651652577E-003
  0.71723358082210631       0.64949210495856224       0.23264726073628156       0.34749542165590608       0.96528448049064020        3.3502389838016733E-002  0.39989475844367750       0.11020325994861725      -0.38531202722770441       -1.7968643941751950E-002
  0.74675985035567982       0.61628708677087052       0.21284450533219051       0.32298942745158554       0.97171365928071340        3.0882127027275705E-002  0.37771396207363883        8.1354034732191563E-002 -0.35442811800551988       -4.3629925940331979E-002
  0.77597252780476378       0.58361535437561907       0.19390551252438992       0.29956693116745464       0.97444866722860846        2.8417715422218871E-002  0.35442719128123251        5.2232239970631381E-002 -0.32366412024376839       -6.9397029024215226E-002
  0.80461980009881695       0.55167159802777288       0.17577556248458803       0.27720286952481599       0.97338297157108378        2.6097282628099225E-002  0.33014740945332383        2.2878748022132678E-002 -0.29308362008672828       -9.5212628824156598E-002
  0.83242360450167707       0.52061406400617982       0.15839751812822861       0.25586325417445799       0.96847763607650938        2.3909616888669976E-002  0.30498235180928468       -6.6686821862634998E-003 -0.26273082659265262      -0.12101770862545268     
  0.85908221074803404       0.49056705721108068       0.14171260510845038       0.23550701050543069       0.95976498956944012        2.1844114347126620E-002  0.27903323616422759       -3.6374235656625953E-002 -0.23263231999197762      -0.14675089739450647     
  0.88427423945829942       0.46162404647400018       0.12566105823055870       0.21608754720060550       0.94734913138293675        1.9890729516432521E-002  0.25239382217161832       -6.6202831454236277E-002 -0.20279895602673106      -0.17234784249790935     
  0.90766424631177722       0.43385109826506613       0.11018265949129952       0.19755407855661916       0.93140312261478120        1.8039929104580320E-002  0.22514981866920045       -9.6118897996100378E-002 -0.17322785152396653      -0.19774063637843192     
  0.92890992057760491       0.40729041666946014        9.5217189999038263E-002  0.17985272596434809       0.91216298840829624        1.6282649369650969E-002  0.19737862602476552      -0.12608515570545001      -0.14390439132689437      -0.22285731628052496     
  0.94767083588222090       0.38196382039703225        8.0704814460988913E-002  0.16292742691794793       0.88991892765958069        1.4610257200920915E-002  0.16914939025957432      -0.15606142622030250      -0.11480420982048242      -0.24762145609501826     
  0.96361855412628827       0.35787603645793764        6.6586412887198229E-002  0.14672068013358472       0.86500435607577864        1.3014515127767990E-002  0.14052333829081157      -0.18600348489160082       -8.5895111167009333E-002 -0.27195186946247546     
  0.97644772923838119       0.33501773226933801        5.2803869823791316E-002  0.13117415430783391       0.83778356614186444        1.1487550438862904E-002  0.11155435875179807      -0.21586197169194649       -5.7138901080028129E-002 -0.29576244331914259     
  0.98588770079323684       0.31336824223348697        3.9300326998564658E-002  0.11622918608492862       0.80863885512510925        1.0021828541004748E-002   8.2289790255303377E-002 -0.24558137510344660       -2.8493109910262816E-002 -0.31896212090882881     
  0.99171392841772033       0.29289797125002437        2.6020401011551064E-002  0.10182719017046446       0.77795794668138063        8.6101305921067687E-003   5.2771378321894755E-002 -0.27509910421513634        8.7407408009689685E-005 -0.34145505268476428     
  0.99375851938430615       0.27357047689813652        1.2910363965503255E-002   8.7910001381454189E-002  0.74612242452746536        7.2455353012543184E-003   2.3036363135992628E-002 -0.30434466618679179        2.8649003733827165E-002 -0.36314093221419286     
  0.99191906632275806       0.25534424520945287       -8.1717921894569612E-005   7.4420164864625341E-002  0.71349773075161438        5.9214046005379769E-003  -6.8813375437788184E-003 -0.33323896934516839        5.7237908247730097E-002 -0.38391553188564237     
  0.98616505686043077       0.23817418322747838       -1.3005894291400429E-002   6.1301186840536294E-002  0.68042508506666066        4.6313726659266514E-003  -3.6949882947650940E-002 -0.36169377623631516        8.5899029105265201E-002 -0.40367144962865692     
  0.97654124961251210       0.22201285604986812       -2.5910295856277868E-002   4.8497754157528258E-002  0.64721548292976716        3.3693375142882023E-003  -6.7138230352292813E-002 -0.38961133556490501       0.11467488169833157      -0.42229907276324874     
  0.96316762518404531       0.20681149778262176       -3.8841159959065535E-002   3.5955926835410844E-002  0.61414575330514565        2.1294541568167937E-003  -9.7414847794299639E-002 -0.41688422654827867       0.14360462705102497      -0.43968775836782459     
  0.94623579600111341       0.19252082564001899       -5.1842918478476517E-002   2.3623303880326428E-002  0.58145651652502994        9.0612807990030205E-004 -0.12774643979214145      -0.44339545309544387       0.17272319792510885      -0.45572722118863263     
  0.92600206167020804       0.17909168496825301       -6.4958345801063078E-002   1.1449159260869660E-002  0.54935178633827964       -3.0599230848612959E-004 -0.15809670397701828      -0.46901882757668101       0.20206048395370987      -0.47030911027892025     
  0.90277758688012422       0.16647555076266254       -7.8228759641289752E-002  -6.1545760819853822E-004  0.51799990750904246       -1.5120256486880173E-003 -0.18842513374233358      -0.49361968390766370       0.23164054235441536      -0.48332874461555519     
  0.87691641675959431       0.15462490866050313       -9.1694262618435649E-002  -1.2617663894154809E-002  0.48753550554278718       -2.7168712774235612E-003 -0.21868588018170834      -0.51705595637527213       0.26148079825333959      -0.49468696646430821     
  0.84880219854400241       0.14349353568453191      -0.10539400838301392       -2.4602734841584532E-002  0.45806213957596803       -3.9252275470248984E-003 -0.24882668594686266      -0.53917965332303353       0.29159119897528829      -0.50429206001485727     
  0.81883453125037231       0.13303669836224852      -0.11936647330563860       -3.6614150092941826E-002  0.42965538360540417       -5.1416154062312348E-003 -0.27878790439807161      -0.55983874293894553       0.32197329016572279      -0.51206167269907776     
  0.78741581680577621       0.12321128336108693      -0.13364971363294340       -4.8693697168024956E-002  0.40236610619731888       -6.3704073366092099E-003 -0.30850161961349432      -0.57887945171358879       0.35261918836965439      -0.51792466864273090     
  0.75493935261091860       0.11397587352392863      -0.14828158861295240       -6.0881630318027194E-002  0.37622376737738472       -7.6158612100427573E-003 -0.33789088640246945      -0.59614895486461517       0.38351043450938954      -0.52182283887267278     
  0.72177921405133594       0.10529078019132788      -0.16329993213945410       -7.3216878294221521E-002  0.35123959831840035       -8.8821581439892244E-003 -0.36686911420018720      -0.61149841289657303       0.41461672520505111      -0.52371239207677767     
  0.68828225808247279        9.7118040963911079E-002 -0.17874265848633572       -8.5737289994992333E-002  0.32740957138921928       -1.0173443051700926E-002 -0.39533962419722346      -0.62478628082961396       0.44589453360548054      -0.52356515351507538     
  0.65476236624033057        8.9421390582948013E-002 -0.19464779111786731       -9.8479903137302441E-002  0.30471710340344738       -1.1493866366732023E-002 -0.42319541468982652      -0.63588178844441556       0.47728564786367350      -0.52136940837733214     
  0.62149686129242132        8.2166211372340439E-002 -0.21105340680437082      -0.11148121857253764       0.28313546302149978       -1.2847625389628402E-002 -0.45031917467697047      -0.64466846364180763       0.50871567314332644      -0.51713033930881314     
  0.58872489115480964        7.5319468668746198E-002 -0.22799748989342142      -0.12477746193264300       0.26262987454331599       -1.4239003852769182E-002 -0.47658358930124267      -0.65104754954052724       0.54009256163068886      -0.51087002534805193     
  0.55664748220489957        6.8849635842425330E-002 -0.24551769330606171      -0.13840481496571228       0.24315932558426273       -1.5672408591499744E-002 -0.50185198187825386      -0.65494115213472093       0.57130525393537690      -0.50262699005965439     
  0.52542891944629477        6.2726612850993638E-002 -0.26365100355334581      -0.15239960094280547       0.22467809636980010       -1.7152402591392481E-002 -0.52597933502091743      -0.65629495179714226       0.60222253380883795      -0.49245530876523969     
  0.49519910556094598        5.6921641740865787E-002 -0.28243330687325607      -0.16679841143054602       0.20713703466515482       -1.8683734091462619E-002 -0.54881372685925023      -0.65508032052176157       0.63269221530049968      -0.48042330682322593     
  0.46605657451754928        5.1407222083545694E-002 -0.30189885266598548      -0.18163816497425672       0.19048460364701614       -2.0271361805730297E-002 -0.57019820689220291      -0.65129570832937855       0.66254079589645176      -0.46661190119092644     
  0.43807187752880206        4.6157028970283343E-002 -0.32207960902521027      -0.19695609129127739       0.17466773116160869       -2.1920476639144353E-002 -0.58997311920980788      -0.64496719611164544       0.69157371892838426      -0.45111265447742088     
  0.41129111039161570        4.1145835850953036E-002 -0.34300450362668072      -0.21278963701181006       0.15963248847601785       -2.3636520495584876E-002 -0.60797885876436963      -0.63614815627953558       0.71957639118349515      -0.43402562314192433     
  0.38573940425478054        3.6349444151927285E-002 -0.36469854185268291      -0.22917629056637201       0.14532462533905816       -2.5425202900430762E-002 -0.62405901969362487      -0.62491801346597298       0.74631609438238677      -0.41545708863817421     
  0.36142425153854590        3.1744621204863981E-002 -0.38718179310677703      -0.24615332441898524       0.13168998630259157       -2.7292516197265936E-002 -0.63806386471685572      -0.61138015075442254       0.77154490908648155      -0.39551726189498676     
  0.33833858204818640        2.7309047529984150E-002 -0.41046823610907507      -0.26375745254796207       0.11867483106911005       -2.9244750045981111E-002 -0.64985401334342641      -0.59565905754806325       0.79500373401110624      -0.37431804781270755     
  0.31646353991485543        2.3021273919970477E-002 -0.43456445486456224      -0.28202440005391799       0.10622607928014577       -3.1288505869408907E-002 -0.65930421669665584      -0.57789685852927564       0.81642743089849878      -0.35197094814491414     
  0.29577093969967155        1.8860688057028906E-002 -0.45946817928823341      -0.30098838026233637        9.4291497717295988E-002  -3.3430711788965478E-002 -0.66630706127421413      -0.55824939528932660       0.83555105486910908      -0.32858516925099729     
  0.27622540041455823        1.4807489582246838E-002 -0.48516666849866097      -0.32068147294476063        8.2819845371210926E-002  -3.5678638473975399E-002 -0.67077642621992062      -0.53688205058171445       0.85211704463464899      -0.30426598695647078     
  0.25778617036075957        1.0842671668296285E-002 -0.51163494093004036      -0.34113289556727888        7.1760989227465141E-002  -3.8039916217409930E-002 -0.67265051172082324      -0.51396550885616810       0.86588315110451342      -0.27911340538692991     
  0.24040866472909725        6.9480062996126208E-003 -0.53883386405190892      -0.36236815803556016        6.1066000894720113E-002  -4.0522553450786189E-002 -0.67189426232255745      -0.48967163651405543       0.87663078483756351      -0.25322113129604557     
  0.22404574299246008        3.1060297409442167E-003 -0.56670812800491988      -0.38440809048177038        5.0687241345797683E-002  -4.3134956826825402E-002 -0.66850102947901435      -0.46416964337326466       0.88417337338046342      -0.22667587104442535     
  0.20864875528058291       -6.9997580666214228E-004 -0.59518414218109295      -0.40726773347113093        4.0578438078081432E-002  -4.5885952931069028E-002 -0.66249335221305627      -0.43762265633254471       0.88836425150531795      -0.19955694471420854     
  0.19416838702793895       -4.4860084900406058E-003 -0.62416791188667065      -0.43095508085042167        3.0694756003569995E-002  -4.8784811631621634E-002 -0.65392278137418636      -0.41018480085523101       0.88910357353575276      -0.17193620131084666     
  0.18055532992298060       -8.2673848423631228E-003 -0.65354297367969683      -0.45546966760143981        2.0992860495568089E-002  -5.1841271037010112E-002 -0.64286872804342099      -0.38199884928245731       0.88634374800192850      -0.14387821081096355     
  0.16776080509492036       -1.2058792605296222E-002 -0.68316849236184640      -0.48080099882036020        1.1430968459211753E-002  -5.5065564002688909E-002 -0.62943637531050900      -0.35319446029224205       0.88009295687472378      -0.11544070296143477     
  0.15573696194674877       -1.5874360150478318E-002 -0.71287764899223161      -0.50692682167879699        1.9688813148338955E-003  -5.8468446103833754E-002 -0.61375374942950023      -0.32388700343168991       0.87041643404086222       -8.6675219066334061E-002
  0.14443717335900971       -1.9727742794007758E-002 -0.74247647605839473      -0.53381125032266563       -7.4320073455343329E-003  -6.2061224972637996E-002 -0.59596809581832444      -0.29417693805790929       0.85743533222954615       -5.7627941262941122E-002
  0.13381624533651473       -2.3632224655321863E-002 -0.77174332062201378      -0.56140276452312177       -1.6808736723562645E-002  -6.5855790879763731E-002 -0.57624174290959784      -0.26414969784665271       0.84132318870610423       -2.8340663681047189E-002
  0.12383055666977481       -2.7600833173516675E-002 -0.80042913544723149      -0.58963211686239259       -2.6196842559310988E-002  -6.9864648419290992E-002 -0.55474765934238623      -0.23387602014171988       0.82230018681772099        1.1481289218289621E-003
  0.11443814190446223       -3.1646462178345103E-002 -0.82825880747899228      -0.61841020056018292       -3.5630463519213035E-002  -7.4100949132546640E-002 -0.53166491610617905      -0.20341265315534526       0.80062558005305795        3.0802107274581547E-002
  0.10559872889023229       -3.5781998688361911E-002 -0.85493372748631280      -0.64762595076346285       -4.5142490863934195E-002  -7.8578524876454572E-002 -0.50717425562089080      -0.17280337240023994       0.77658877683139904        6.0585897827319969E-002
   9.7273740424977814E-002  -4.0020448459242283E-002 -0.88013577883862304      -0.67714437594416288       -5.4764758266228022E-002  -8.3311921704827069E-002 -0.48145394665734637      -0.14208023963038544       0.75049966267643420        9.0463863255226318E-002
   8.9426268016062280E-002  -4.4375055716786745E-002 -0.90353287230538948      -0.70680484220453665       -6.4528264856932971E-002  -8.8316433984497858E-002 -0.45467607098537105      -0.11126504193046911       0.72267875493505884       0.12039888608575833     
   8.2021024529747882E-002  -4.8859413376727071E-002 -0.92478607403053648      -0.73641976035815548       -7.4463421301170382E-002  -9.3608138410496838E-002 -0.42700334881256685       -8.0370854523438354E-002  0.69344774599540693       0.15035117523326169     
   7.5024281470379733E-002  -5.3487561210044998E-002 -0.94355826481503391      -0.76577385140311360       -8.4600306410335072E-002  -9.9203927513669216E-002 -0.39858656958490674       -4.9403677679868183E-002  0.66312090422167291       0.18027711266767371     
   6.8403795793749056E-002  -5.8274070667067926E-002 -0.95952413409615223      -0.79462418726728490       -9.4968920771211759E-002 -0.10512154216792410      -0.36956265619083212       -1.8364105353571865E-002  0.63199768315534810       0.21012815567035686     
   6.2128730482412721E-002  -6.3234116249306790E-002 -0.97238116036831379      -0.82270121635765014      -0.10559942418772589      -0.11137960250031662      -0.34005335681382237        1.2751009432795366E-002  0.60035675669002186       0.23984980937266137     
   5.6169572559406862E-002  -6.8383534280654579E-002 -0.98186107578691328      -0.84971098253512412      -0.11652234522030831      -0.11799763648247164      -0.31016453136186845        4.3946920009934082E-002  0.56845156766011140       0.26938068469800852     
