  0.18756644645198972       0.96883717408760450       0.45072509015705253       0.55253966620710693       0.83006404336629958        1.4844289343156181E-002  0.21578183945586571       0.67680446681994322       0.35670250220712330       0.68874596895916862     
  0.18756644645198972       0.96883717408760450       0.45072509015705253       0.55253966620710693       0.83006404336629958        1.4844289343156181E-002  0.21578183945586571       0.67680446681994322       0.35670250220712330       0.68874596895916862     
  0.18756644645198972       0.96883717408760450       0.45072509015705253       0.55253966620710693       0.83006404336629958        1.4844289343156181E-002  0.21578183945586571       0.67680446681994322       0.35670250220712330       0.68874596895916862     
  0.17847733812047675       0.97036923487980731       0.45134430845255935       0.55106451196002237       0.83832560849587689        1.5716205579371582E-002  0.21132073421151723       0.67440594966130230       0.36091344151643756       0.68747926403592929     
  0.16938822978896378       0.97190129567201011       0.45196352674806617       0.54958935771293782       0.84658717362545421        1.6588121815586984E-002  0.20685962896716875       0.67200743250266137       0.36512438082575183       0.68621255911268997     
  0.16053568184342554       0.97331455286199364       0.45240158208746784       0.54830474190163758       0.85457279998861524        1.7518486071416026E-002  0.20253087339602352       0.66985816842900114       0.36903041052274405       0.68516415983978607     
  0.15194832764344826       0.97461147670838899       0.45266126357067282       0.54720587336626203       0.86226205142831525        1.8507613692012301E-002  0.19833704392835610       0.66795660371230736       0.37263418406997550       0.68433329050465264     
  0.14364724755692648       0.97579795651316792       0.45274430707163288       0.54628802590898362       0.86964183319649213        1.9558819113907701E-002  0.19429329678987384       0.66630808636389827       0.37593361323510677       0.68372349142988964     
  0.13564946644806197       0.97687971321424383       0.45265179101052538       0.54554705025639649       0.87670273609271732        2.0675432098812077E-002  0.19041423421962655       0.66491794521758718       0.37892713623410990       0.68333838737305963     
  0.12796807239748609       0.97786202727048721       0.45238419251194262       0.54497944934638665       0.88343870600210284        2.1860998608282209E-002  0.18671350630687658       0.66379084084794460       0.38161392254347543       0.68318098969885499     
  0.12061234558416720       0.97874974334362697       0.45194140865158156       0.54458237136822785       0.88984677571810211        2.3119280441095572E-002  0.18320381827900056       0.66293083255744856       0.38399369439374997       0.68325371878920749     
  0.11358797619765919       0.97954728326262175       0.45132277887936884       0.54435359839061626       0.89592675452620762        2.4454264961355113E-002  0.17989691608891839       0.66234141813822545       0.38606656873773626       0.68355840620921937     
  0.10689735263633264       0.98025865944191948       0.45052710752817587       0.54429153128754204       0.90168089130744933        2.5870174317059368E-002  0.17680358718833197       0.66202556551834935       0.38783291483796550       0.68409629062446409     
  0.10053989842697160       0.98088748808879733       0.44955268563212558       0.54439517174064200       0.90711352726372152        2.7371474760235770E-002  0.17393367584260716       0.66198573710538477       0.38929322861665960       0.68486800949442417     
   9.4512437365798257E-002  0.98143700215352003       0.44839731145395034       0.54466410212802574       0.91223075183036706        2.8962885944351764E-002  0.17129611081622637       0.66222390584277468       0.39044802478297008       0.68587358634663897     
   8.8809568717696519E-002  0.98191006403939352       0.44705830934208590       0.54509846414284402       0.91704007242908603        3.0649390087077105E-002  0.16889894309877868       0.66274156232191117       0.39129774720292254       0.68711241366263642     
   8.3424037372143101E-002  0.98230917812379337       0.44553254680373450       0.54569893698995220       0.92155010582049401        3.2436240856891882E-002  0.16674939118418497       0.66353971254785382       0.39184269753084844       0.68858323158387991     
   7.8347087211087837E-002  0.98263650315793205       0.44381644997130898       0.54646671596923646       0.92577029615668349        3.4328971810424040E-002  0.16485389136095829       0.66461886619189992       0.39208298176127376       0.69028410281423291     
   7.3568789251004588E-002  0.98289386461241335       0.44190601793523848       0.54740349215847572       0.92971066254204493        3.6333404170493570E-002  0.16321815051094207       0.66597901538471049       0.39201847408055213       0.69221238426173470     
   6.9078339134118441E-002  0.98308276701717145       0.43979683669586844       0.54851143375373079       0.93338157704662439        3.8455653692041708E-002  0.16184719903346140       0.66761960431067580       0.39164879719392603       0.69436469612567053     
   6.4864321116064966E-002  0.98320440630904016       0.43748409373507802       0.54979316941643619       0.93679357268713292        4.0702136313657419E-002  0.16074544169511418       0.66953949006096847       0.39097331817430048       0.69673688929378519     
   6.0914937766173738E-002  0.98325968215045789       0.43496259441441742       0.55125177372662360       0.93995717986581706        4.3079572235494898E-002  0.15991670443616363       0.67173689539414383       0.38999115882332386       0.69932401206719541     
   5.7218206162607366E-002  0.98324921012312017       0.43222678156789990       0.55289075456942893       0.94288278908436629        4.5594987999233227E-002  0.15936427542704892       0.67420935424501405       0.38870121955266346       0.70212027737434757     
   5.3762122470249245E-002  0.98317333363707327       0.42927075977678220       0.55471404200774510       0.94558053736702607        4.8255716071651633E-002  0.15909093894879417       0.67695365102089489       0.38710221588064692       0.70511903176626123     
   5.0534797500594184E-002  0.98303213533654332       0.42608832589737777       0.55672597793663559       0.94806021567156218        5.1069391349797870E-002  0.15909900095696500       0.67996575493455202       0.38519272678950178       0.70831272759794217     
   4.7524566245111498E-002  0.98282544773696534       0.42267300746931358       0.55893130558955217       0.95033119458100179        5.4043943912249363E-002  0.15939030547050304       0.68324075084890801       0.38297125438833290       0.71169289988848039     
   4.4720074520768441E-002  0.98255286280076681       0.41901811066787203       0.56133515778087006       0.95240236570323233        5.7187587237587038E-002  0.15996624119693328       0.68677276835068390       0.38043629455747008       0.71525014940693932     
   4.2110345835580945E-002  0.98221374015796004       0.41511677948433601       0.56394304262552830       0.95428209641836814        6.0508800998407858E-002  0.16082773805928927       0.69055491102571476       0.37758641848568775       0.71897413354379214     
   3.9684831429873765E-002  0.98180721370382651       0.41096206782222239       0.56676082537073325       0.95597819587251598        6.4016307418199650E-002  0.16197525352536490       0.69457918817011899       0.37442036522324218       0.72285356648915222     
   3.7433446220871816E-002  0.98133219635842395       0.40654702617911020       0.56979470489908401       0.95749789039578292        6.7719040051382476E-002  0.16340874885678419       0.69883645142605577       0.37093714552839380       0.72687623014068736     
   3.5346593109106587E-002  0.98078738284607436       0.40186480453171736       0.57305118340804539       0.95884780680269777        7.1626103717289932E-002  0.16512765559640899       0.70331633906035629       0.36713615735072713       0.73102899699870638     
   3.3415177820278065E-002  0.98017125043924103       0.39690877293833426       0.57653702772920989       0.96003396229993965        7.5746724192037096E-002  0.16713083280237670       0.70800723078585692       0.36301731324119996       0.73529786606886938     
   3.1630616173198081E-002  0.97948205770063845       0.39167266119451954       0.58025922071685532       0.96106175996815235        8.0090186145484021E-002  0.16941651572180877       0.71289621613191634       0.35858117978106674       0.73966801248342351     
   2.9984835394579717E-002  0.97871784134057938       0.38615071859709460       0.58422490110763425       0.96193598899303556        8.4665757713921638E-002  0.17198225678420728       0.71796907937342680       0.35382912876062389       0.74412385117362023     
   2.8470270851337312E-002  0.97787641137572512       0.38033789445623395       0.58844129023555425       0.96266082898938754        8.9482600035969626E-002  0.17482485999120226       0.72321030389807395       0.34876349930298800       0.74864911448827587     
   2.7079859343907029E-002  0.97695534482566893       0.37423003941220184       0.59291560398778997       0.96323985788595456        9.4549660066513275E-002  0.17794030999224197       0.72860309860464456       0.34338776941604410       0.75322694317127326     
   2.5807029900711424E-002  0.97595197821348600       0.36782412682912091       0.59765494842184619       0.96367606291687014        9.9875545042514252E-002  0.18132369736967693       0.73412944846283301       0.33770673457644529       0.75783998960466259     
   2.4645692833585423E-002  0.97486339914693243       0.36111849252467121       0.60266619755295892       0.96397185429815424       0.10546837713077871       0.18496914191294100       0.73977019071999350       0.33172668992526805       0.76247053171906398     
   2.3590227655222892E-002  0.97368643725208592       0.35411308983309187       0.60795585198713498       0.96412908115976947       0.11133562707104155       0.18886971593733487       0.74550511741936742       0.32545561152322117       0.76710059549767096     
   2.2635470320626787E-002  0.97241765471600949       0.34680975548690740       0.61352987734894993       0.96414904926364697       0.11748392607128089       0.19301736999013694       0.75131310392072137       0.31890333092978279       0.77171208358384391     
   2.1776700133344311E-002  0.97105333667501803       0.33921248006237709       0.61939352186651297       0.96403253997834659       0.12391885585113357       0.19740286357137146       0.75717226202882359       0.31208169621107407       0.77628690717337223     
   2.1009626552479732E-002  0.96958948166550563       0.33132767481983794       0.62555111306285638       0.96377982991716993       0.13064471759788968       0.20201570375843320       0.76306011519517924       0.30500471144245589       0.78080711815547843     
   2.0330376047182394E-002  0.96802179233935814       0.32316442477961982       0.63200583429645740       0.96339071059575243       0.13766428172697326       0.20684409483714050       0.76895379213493009       0.29768864596997863       0.78525503837981647     
   1.9735479071234241E-002  0.96634566663895261       0.31473471595200952       0.63875948292196183       0.96286450744392427       0.14497852174328471       0.21187490217640859       0.77483023417305452       0.29015210426044513       0.78961338298017125     
   1.9221857171886181E-002  0.96455618962976630       0.30605362298121980       0.64581221312379289       0.96220009752828173       0.15258633718087972       0.21709363360679909       0.78066641078230237       0.28241604723813690       0.79386537487995468     
   1.8786810205121462E-002  0.96264812620292983       0.29713944230933431       0.65316226801182431       0.96139592541423724       0.16048427252795536       0.22248444144212173       0.78643953717274429       0.27450375670240584       0.79799484793081121     
   1.8428003605239780E-002  0.96061591488620068       0.28801375558804293       0.66080570733642108       0.96045001672002694       0.16866624115584464       0.22803014798914378       0.79212728749686534       0.26644073584054040       0.80198633657546925     
   1.8143455651128269E-002  0.95845366303993917       0.27870140873818777       0.66873613912281649       0.95935998908352194       0.17712326545096285       0.23371229690210871       0.79770799727937403       0.25825454103994910       0.80582515045366254     
   1.7931524685272714E-002  0.95615514376462407       0.26923039401777715       0.67694446554239207       0.95812306046267515       0.18584324642897929       0.23951123204685543       0.80316084907416962       0.24997454313593431       0.80949743295448739     
   1.7790896273754127E-002  0.95371379490805785       0.25963162586020511       0.68541865528221946       0.95673605490503799       0.19481077786600828       0.24540620465025009       0.80846603606960166       0.24163161979041686       0.81299020332647343     
   1.7720570343786709E-002  0.95112272063346548       0.24993860609883353       0.69414355634421665       0.95519540613308607       0.20400702113785260       0.25137550844938561       0.81360489935712021       0.23325778467125469       0.81629138255475198     
   1.7719848395391188E-002  0.94837469609396507       0.24018698032946895       0.70310076435552893       0.95349715948441283       0.21340965721011521       0.25739664136645846       0.81856003577529279       0.22488576319075462       0.81938980377278237     
   1.7788320949152826E-002  0.94546217585409242       0.23041399419470071       0.71226856182600151       0.95163697290810034       0.22299293126654895       0.26344649098329959       0.82331537455433768       0.21654852840006383       0.82227520846893154     
   1.7925855454673716E-002  0.94237730680470466       0.22065786571491069       0.72162194306839722       0.94961011784561089       0.23272780304723434       0.26950153985368558       0.82785622232426581       0.20827881383285557       0.82493823015704015     
   1.8132584935555283E-002  0.93911194643284202       0.21095709669529475       0.73113273746249030       0.94741148091717442       0.24258221194641061       0.27553808556079140       0.83216927732543289       0.20010862228349294       0.82737036749323523     
   1.8408897678319748E-002  0.93565768743155764       0.20134975189689344       0.74076984024490555       0.94503556739856776       0.25252146031381689       0.28153246949178096       0.83624261479937467       0.19206875041033988       0.82956394903397601     
   1.8755428278307638E-002  0.93200588976404175       0.19187273832099677       0.75049955503560295       0.94247650751725875       0.26250871145190657       0.28746130764364358       0.84006564648428583       0.18418834852331986       0.83151209194423292     
   1.9173050332164522E-002  0.92814772142805568       0.18256111805977435       0.76028604605226247       0.93972806663115560       0.27250559098331462       0.29330171645817671       0.84362905785888986       0.17649453295657189       0.83320865698659219     
   1.9662871014909676E-002  0.92407420929561990       0.17344748645488081       0.77009189081424190       0.93678366038708516       0.28247287228068629       0.29903152674755101       0.84692472725782908       0.16901206521881681       0.83464820206258838     
   2.0226227704632366E-002  0.91977630152184287       0.16456144289185790       0.77987871670426667       0.93363637599703353       0.29237121936320870       0.30462947922154060       0.84994563122751043       0.16176310797615570       0.83582593644978709     
   2.0864686727727164E-002  0.91524494311589866       0.15592917491827241       0.78960789780037965       0.93027900082263892       0.30216195497232501       0.31007539593615147       0.85268574052536239       0.15476706327170414       0.83673767769632545     
   2.1580044202256923E-002  0.91047116633346870       0.14757316827539516       0.79924128273586514       0.92670405952356927       0.31180781824153475       0.31535032309286287       0.85513991101998521       0.14804049367636493       0.83737981291309249     
   2.2374328866629531E-002  0.90544619756679068       0.13951204680566159       0.80874192074857554       0.92290386110087785       0.32127367601831813       0.32043664194510174       0.85730377346259279       0.14159712271935387       0.83774926595599630     
   2.3249806703828691E-002  0.90016158235503008       0.13176053797592413       0.81807475210077674       0.91887055724629763       0.33052715465722415       0.32531814601558934       0.85917362571054778       0.13544790730757383       0.83784347172890306     
   2.4208987113665530E-002  0.89460932998889020       0.12432955273500088       0.82720723092992166       0.91459621348328046       0.33953916473598600       0.32998008429197007       0.86074633052861049       0.12960117213372602       0.83766035857205123     
   2.5254630349229361E-002  0.88878207890989536       0.11722636315414867       0.83610985319664111       0.91007289464242247       0.34828429900939500       0.33440917145198679       0.86201922160529321       0.12406279438836046       0.83719833943913780     
   2.6389755917934070E-002  0.88267328367380626       0.11045485803950660       0.84475656922617215       0.90529276623606425       0.35674109307730384       0.33859356739205626       0.86299001992740731       0.11883642640431583       0.83645631231467343     
   2.7617651648681747E-002  0.87627742362438321       0.10401585543338045       0.85312506860058368       0.90024821326379545       0.36489214764391720       0.34252282933472250       0.86365676217676624       0.11392374405100772       0.83543367008512281     
   2.8941883139456542E-002  0.86959023257409906        9.7907451388359601E-002  0.86119693390284979       0.89493197786786549       0.37272411987546367       0.34618784053611662       0.86401774236495588       0.10932470957679151       0.83413031985401387     
   3.0366303318265522E-002  0.86260894768309959        9.2125386212860164E-002  0.86895766809420127       0.88933731703681385       0.38022759841621501       0.34958072009363123       0.86407146751645980       0.10503783895918103       0.83254671148165049     
   3.1895061869158824E-002  0.85533257434785881        8.6663412098640688E-002  0.87639660732680591       0.88345818119537434       0.38739688159536756       0.35269471857737156       0.86381662785478641       0.10106046545727006       0.83068387493138851     
   3.3532614289329903E-002  0.84776216225574341        8.1513649214337611E-002  0.88350673621174902       0.87728941398515448       0.39422968107962458       0.35552410420399577       0.86325208164502176        9.7388992785740119E-002  0.82854346581209981     
   3.5283730349386686E-002  0.83990108585725709        7.6666920613217879E-002  0.89028442573310318       0.87082697280000332       0.40072677382847993       0.35806404407660758       0.86237685460104774        9.4019133000973545E-002  0.82612781831486082     
   3.7153501724319693E-002  0.83175532041730060        7.2113059378570876E-002  0.89672911516248466       0.86406816866202230       0.40689162404309243       0.36031048467294180       0.86119015357535478        9.0946125705467923E-002  0.82344000454507627     
   3.9147348546005524E-002  0.82333370264018635        6.7841184133730997E-002  0.90284295874935361       0.85701192278673755       0.41272999434130547       0.36226003532006262       0.85969139410976469        8.8164936476527136E-002  0.82048389904371466     
   4.1271024598576969E-002  0.81464816278416763        6.3839941280423779E-002  0.90863045604541615       0.84965903568174461       0.41824956214718617       0.36390985788771391       0.85788024132893370        8.5670433483963554E-002  0.81726424706910050     
   4.3530620835488171E-002  0.80571391340972609        6.0097714073655419E-002  0.91409808192568331       0.84201246286772613       0.42345955371645400       0.36525756539922632       0.85575666359412128        8.3457542081695091E-002  0.81378673497235532     
   4.5932566841734884E-002  0.79654957871152987        5.6602799918002586E-002  0.91925392913393433       0.83407758935183240       0.42837040470276699       0.36630113172672280       0.85332099828770391        8.1521377761389263E-002  0.81005806074727149     
   4.8483629796741437E-002  0.78717724806851241        5.3343558133659812E-002  0.92410737287761879       0.82586249291015001       0.43299345296860342       0.36703881402785010       0.85057402905150425        7.9857358276157531E-002  0.80608600257575846     
   5.1190910413265886E-002  0.77762243831168176        5.0308530960439135E-002  0.92866876390363229       0.81737818418686281       0.43734066661626619       0.36746908911003306       0.84751707373422802        7.8461296017475909E-002  0.80187948293474309     
   5.4061835235757062E-002  0.76791395151088326        4.7486540816686872E-002  0.93294915378052823       0.80863880978453218       0.44142440802637639       0.36759060448604353       0.84415208219444327        7.7329471897846960E-002  0.79744862559653440     
   5.7104144578535819E-002  0.75808361897290133        4.4866766875902894E-002  0.93696005388520820       0.79966180314497914       0.44525723304165488       0.36740214451842845       0.84048174293596978        7.6458692090228153E-002  0.79280480266419084     
   6.0325875270886994E-002  0.74816592761480571        4.2438803926091888E-002  0.94071322786392497       0.79046796738350655       0.44885172327596562       0.36690261174398597       0.83650959730582597        7.5846329031249368E-002  0.78796066866241266     
   6.3735337254066743E-002  0.73819753170667213        4.0192706284401802E-002  0.94422051608059954       0.78108147463292477       0.45222034879052031       0.36609102322441867       0.83224015964994758        7.5490348128519208E-002  0.78293017868142223     
   6.7341082946561659E-002  0.72821666070727864        3.8119019290669499E-002  0.94749368972247139       0.77152976814363938       0.45537535797940148       0.36496652158442494       0.82767904139523862        7.5389321633281839E-002  0.77772858767478392     
   7.1151868162004986E-002  0.71826244186181687        3.6208800626679458E-002  0.95054433173256503       0.76184335656026025       0.45832869136519749       0.36352840026990224       0.82283307651414872        7.5542431149526440E-002  0.77237242826785568     
   7.5176603233798281E-002  0.70837416354756033        3.4453633423586094E-002  0.95338374150659722       0.75205549450829035       0.46109191605066141       0.36177614247944201       0.81771044524700776        7.5949460242602448E-002  0.76687946486092040     
   7.9424292878514435E-002  0.69859051114614401        3.2845632841748212E-002  0.95602286026004202       0.74220174974493602       0.46367617774330555       0.35970947318099572       0.81232079233719678        7.6610778572037991E-002  0.76126862241941684     
   8.3903963225867989E-002  0.68894881068568303        3.1377447543775361E-002  0.95847221407954630       0.73231946430395189       0.46609216751827448       0.35732842360770029       0.80667533541696013        7.7527318889704946E-002  0.75555988912911232     
   8.8624574368762032E-002  0.67948431606851778        3.0042257237797548E-002  0.96074187187296323       0.72244712472109140       0.46835010077379147       0.35463340761397871       0.80078695862154092        7.8700548102023149E-002  0.74977419303657966     
   9.3594916758553748E-002  0.67022957317662346        2.8833767246244948E-002  0.96284141568591186       0.71262366380812625       0.47045970613611771       0.35162530924398294       0.79467028607101731        8.0132433384597884E-002  0.74393325385768783     
   9.8823489808147799E-002  0.66121388874058484        2.7746200856644844E-002  0.96477992113170918       0.70288772269966748       0.47243022236882048       0.34830558079658358       0.78834172961441762        8.1825404058157941E-002  0.73805941226487004     
  0.10431836119305414       0.65246292418037666        2.6774290035240584E-002  0.96656594596576195       0.69327690620987559       0.47427040162229517       0.34467635054217555       0.78181950525291011        8.3782309593565571E-002  0.73217544008939817     
  0.11008700558661903       0.64399842558466924        2.5913264931572921E-002  0.96820752511174235       0.68382706626065948       0.47598851761696748       0.34074053903682339       0.77512361301621790        8.6006373727541996E-002  0.72630433592013544     
  0.11613612196242544       0.63583809163767857        2.5158842472715201E-002  0.96971217070689841       0.67457164693527116       0.47759237758405293       0.33650198267379605       0.76827577581279194        8.8501144263220088E-002  0.72046911146514248     
  0.12247142917887123       0.62799557263993999        2.4507214240210257E-002  0.97108687597323651       0.66554112061015935       0.47908933699029971       0.33196556270351529       0.76129933393943450        9.1270437728478815E-002  0.71469257469255953     
  0.12909744036262236       0.62048058662096484        2.3955033741914444E-002  0.97233812193818725       0.65676253805682916       0.48048631624856181       0.32713733744177664       0.75421909351584604        9.4318277698761513E-002  0.70899711612186822     
  0.13601721765962357       0.61329913343156617        2.3499403136100556E-002  0.97347188622250236       0.64825920714669172       0.48178981876611721       0.32202467478529007       0.74706112905793720        9.7648825285964996E-002  0.70340450465689963     
  0.14323211024603794       0.60645378482529821        2.3137859437271986E-002  0.97449365328516735       0.64005050579762357       0.48300594980968981       0.31663638148818590       0.73985254262850464       0.10126630007290766       0.69793569902559571     
  0.15074148009192601       0.59994402778380784        2.2868360232361301E-002  0.97540842566597197       0.63215182606961962       0.48414043577270444       0.31098282496165808       0.73262118436781654       0.10517488965072266       0.69261068023548911     
