   0.0000000000000000        0.0000000000000000        0.0000000000000000        0.0000000000000000        0.0000000000000000        0.0000000000000000        0.0000000000000000        0.0000000000000000        0.0000000000000000        0.0000000000000000     
   0.0000000000000000        0.0000000000000000        0.0000000000000000        0.0000000000000000        0.0000000000000000        0.0000000000000000        0.0000000000000000        0.0000000000000000        0.0000000000000000        0.0000000000000000     
 -0.90891085346703837       0.15320608264470814        6.1921830934742732E-002 -0.14751542800567796       0.82615653142376522        8.7191625570424772E-002 -0.44611053440619608      -0.23985172122519977       0.42109394034361219      -0.12667049515524284     
 -0.90891085346703848       0.15320608264470814        6.1921830934742732E-002 -0.14751542800567796       0.82615653142376522        8.7191625570424772E-002 -0.44611053440619608      -0.23985172122519979       0.42109394034361214      -0.12667049515524284     
 -0.88525481434081077       0.14132572215723402        4.3805534919295341E-002 -0.12846158400136942       0.79856265416537131        9.3036427662430268E-002 -0.43287556679004552      -0.21492641216999744       0.39060297842988090      -0.10483992963374789     
 -0.85873543919196083       0.12969238753838960        2.5968148900932832E-002 -0.10988685599371860       0.76892516115682219        9.8912764270499914E-002 -0.41938295614068205      -0.19015647591970838       0.36037736277820853       -8.3086935370485018E-002
 -0.83010802720653676       0.11864798312988201        8.3043502816238998E-003  -9.1784747779392217E-002  0.73797819331278647       0.10512054453916726      -0.40437472288670695      -0.16485173852563506       0.32994292388792723       -6.0979908839305846E-002
 -0.79977812876288523       0.10817567252550526       -9.2516063175369402E-003  -7.4097566914917909E-002  0.70609030540486717       0.11166130098626206      -0.38790626569510789      -0.13901411773831546       0.29935230659135731       -3.8510406543780983E-002
 -0.76813942222684339        9.8231407819981922E-002  -2.6759850456403278E-002  -5.6760092269670243E-002  0.67359700599461658       0.11855665359696070      -0.37007279954676942      -0.11271043948353429       0.26867863694198985       -1.5739767772275232E-002
 -0.73557269777322054        8.8771609298171475E-002  -4.4278387025806935E-002  -3.9707798703420477E-002  0.64080698592307928       0.12582818609381555      -0.35096881063236568       -8.6000830971877010E-002  0.23797719034665699        7.2729091978111296E-003
 -0.70243695435148967        7.9753993682116719E-002  -6.1862978604018459E-002  -2.2877298272506091E-002  0.60799789440036123       0.13349845500987725      -0.33069022639972057       -5.8941443239755746E-002  0.20728743903186281        3.0468742682221665E-002
 -0.66906237108736411        7.1137619519827791E-002  -7.9567136897762084E-002  -6.2067104461527786E-003  0.57541369098566453       0.14159093873522940      -0.30933289697277011       -3.1585262693597606E-002  0.17663461397101360        5.3788442726735164E-002
 -0.63574543514612181        6.2882866093331227E-002  -9.7442191783034648E-002   1.0364045541653960E-002  0.54326360777010230       0.15013004767330840      -0.28699114098723383       -3.9828413854852487E-003  0.14603138113346534        7.7171888720934834E-002
 -0.60274611958975988        5.4951407700532535E-002 -0.11553742039998392        2.6893039339482169E-002  0.51172246810244526       0.15914112196868052      -0.26375650853349580        2.3816874271342568E-002  0.11547961921221869       0.10055768746912423     
 -0.57028687755707941        4.7306189644726070E-002 -0.13390021417934886        4.3436202452700017E-002  0.48093207062156862       0.16865041804216474      -0.23971677710285785        5.1765649070703607E-002   8.4972243894522237E-002  0.12388273436874322     
 -0.53855314659294318        3.9911409332080323E-002 -0.15257625724548468        6.0047286052982055E-002  0.45100334922151308       0.17868508097540031      -0.21495519626399306        7.9815024378272481E-002   5.4495034010647786E-002  0.14708179541187921     
 -0.50769502745339390        3.2732504145498220E-002 -0.17160968707832741        7.6777899644543721E-002  0.42201904305180576       0.18927309958379909      -0.18954998655944116       0.10791536681670515        2.4028423579606956E-002  0.17008712683704455     
 -0.47782980668865394        2.5736146023382662E-002 -0.19104320787719811        9.3677621017788870E-002  0.39403664734355359       0.20044324048720846      -0.16357408865778877       0.13601492232123127       -6.4507682163515712E-003  0.19282814906022075     
 -0.44904502172555305        1.8890240898039590E-002 -0.21091812865139339       0.11079416200195463       0.36709145866308424       0.21222495689841142      -0.13709515081238285       0.16405889626353187       -3.6967689488901154E-002  0.21523119120437603     
 -0.42140181122441239        1.2163929458752680E-002 -0.23127430124842716       0.12817356913544659       0.34119957167726106       0.22464826718285144      -0.11017573629734151       0.19198857932054925       -6.7547903472369955E-002  0.23721932211373128     
 -0.39493834381668264        5.5275842653277557E-003 -0.25214993770204991       0.14586043427897594       0.31636072493962641       0.23774359749773172       -8.2873727747426809E-002  0.21974053822912104       -9.8215937292957689E-002  0.25871228312369016     
 -0.36967316861947663       -1.0472027571757705E-003 -0.27358129076677196       0.16389808794394475       0.29256092839416981       0.25154158199622528       -5.5242902146245464E-002  0.24724589061339408      -0.12899392994927680       0.27962653696535877     
 -0.34560837696076130       -7.5876487742827228E-003 -0.29560218571899355       0.18232874790697642       0.26977483429591820       0.26607281318903103       -2.7333648436430272E-002  0.27442968372206572      -0.15990037077570485       0.29987544589410114     
 -0.32273250417913968       -1.4119830368600608E-002 -0.31824339505373767       0.20119359738607143       0.24796783599612199       0.28136753410367804        8.0620083510320531E-004  0.30121039809829464      -0.19094891338255213       0.31936959030656265     
 -0.30102313227665961       -2.0668760419783262E-002 -0.34153185044025008       0.22053277022094969       0.22709789601998984       0.29745526289379265        2.9130452004919084E-002  0.32749959875578127      -0.22214724508226691       0.33801723660909699     
 -0.28044917870283337       -2.7258494229129265E-002 -0.36548968831348633       0.24038522450481495       0.20711711685248366       0.31436433956035836        5.7593573930341972E-002  0.35320175807226512      -0.25349598875235752       0.35572495979696594     
 -0.26097287435194816       -3.3912265038673589E-002 -0.39013312707375786       0.26078849029490619       0.18797307571510852       0.33212138350557352        8.6149688161194671E-002  0.37821427595682838      -0.28498761354820251       0.37239842200903545     
 -0.24255144599216497       -4.0652646322013271E-002 -0.41547117549786544       0.28177828081872686       0.16960994920585823       0.35075064981906717       0.11475154917246030       0.40242772343537958      -0.31660533332123819       0.38794330320721532     
 -0.22513852593243303       -4.7501735602002139E-002 -0.44150417417960519       0.30338795961633136       0.15196945572347909       0.37027327159453510       0.14334953634604072       0.42572633510939945      -0.34832197727044012       0.40226637414487249     
 -0.20868531584100317       -5.4481352452711171E-002 -0.46822217520486631       0.32564785817493741       0.13499164370877770       0.39070637532371366       0.17189067780453482       0.44798877344338661      -0.38009882626253533       0.41527669508406218     
 -0.19314153319990221       -6.1613242060496502E-002 -0.49560317041590346       0.34858443990792465       0.11861555237544801       0.41206205668502149       0.20031772507421977       0.46908918303501934      -0.41188442015905269       0.42688691655796718     
 -0.17845616869680456       -6.8919275400719487E-002 -0.52361118608509394       0.37221930708428824       0.10277976911857375       0.43434620505308708       0.22856829705210580       0.48889854553367679      -0.44361335592885137       0.43701465122345240     
 -0.16457808154044309       -7.6421637714069429E-002 -0.55219427208499627       0.39656804794188083        8.7422904442374938E-002  0.45755716707096189       0.25657411197473040       0.50728633548977575      -0.47520511266594678       0.44558387897925217     
 -0.15145645770955635       -8.4142998366166677E-002 -0.58128242707873978       0.42163892221635929        7.2484001255345237E-002  0.48168424297128010       0.28426032705321053       0.52412246417976938      -0.50656295708615562       0.45252634158031879     
 -0.13904115385084015       -9.2106657064363259E-002 -0.61078551805533199       0.44743138522444054        5.7902890950932345E-002  0.50670601438012630       0.31154500706754601       0.53927948271090220      -0.53757300071008463       0.45778287853198835     
 -0.12728294716455615      -0.10033666346099564      -0.64059127262642590       0.47393445399888534        4.3620504066546557E-002  0.53258850950437908       0.33833874530595498       0.55263499817120154      -0.56810349665798188       0.46130465364990070     
 -0.11613370930839093      -0.10885790908852241      -0.67056344543322899       0.50112492431229083        2.9579138789556449E-002  0.55928322132739983       0.36454446247461175       0.56407423832409564      -0.59800447848416660       0.46305422179021122     
 -0.10554652019540180      -0.11769619211536923      -0.70054028481622899       0.52896545524090344        1.5722686512957877E-002  0.58672500714061049       0.39005741115785036       0.57349268275595577      -0.62710785422164139       0.46300638820970152     
  -9.5475735593659600E-002 -0.12687825644359449      -0.73033345094266999       0.55740254864041117        1.9968104323874972E-003  0.61482991376645268       0.41476541455093546       0.58079866311725481      -0.65522807398932492       0.46114881892477649     
  -8.5877020647748548E-002 -0.13643180714863121      -0.75972755943426362       0.58636446486257732       -1.1650928790458863E-002  0.64349299236845825       0.43854936792579335       0.58591582390645947      -0.68216348711841490       0.45748236917835816     
  -7.6707359801000810E-002 -0.14638550422321606      -0.78848054187782801       0.61575913339763022       -2.5271006682516292E-002  0.67258618970908346       0.46128402901667437       0.58878532979594023      -0.70769849268010987       0.45202110831407932     
  -6.7925052047977164E-002 -0.15676893611880138      -0.81632502226809711       0.64547213778752399       -3.8911933011503752E-002  0.70195642859830742       0.48283911866302653       0.58936770714847442      -0.73160656360040721       0.44479203237568271     
  -5.9489698924513695E-002 -0.16761257378698560      -0.84297090160289601       0.67536487764602005       -5.2620316358972137E-002  0.73142401797974566       0.50308074517154067       0.58764421694731983      -0.75365418779883431       0.43583446977713258     
  -5.1362191082840576E-002 -0.17894770491842638      -0.86810931648272660       0.70527303594718593       -6.6440993049326907E-002  0.76078156076429460       0.52187315470382400       0.58361767396966047      -0.77360571952226043       0.42519919948228990     
  -4.3504697648877676E-002 -0.19080634694850349      -0.89141808711329662       0.73500550523179708       -8.0417213201916998E-002  0.78979355236082538       0.53908079558165956       0.57731265194813253      -0.79122907125845332       0.41294731431574122     
  -3.5880660790163492E-002 -0.20322113621525847      -0.91256869252663708       0.76434394954409901       -9.4590871535296744E-002  0.81819688107705346       0.55457066709782576       0.56877504512521793      -0.80630210420880311       0.39914887338747551     
  -2.8454796047165349E-002 -0.21622518945916186      -0.93123470580023238       0.79304319636543796      -0.10900276608690604       0.84570244841474573       0.56821490399708596       0.55807099072472910      -0.81861949835670333       0.38388139639974805     
  -2.1193097059258151E-002 -0.22985193266910156      -0.94710149321042725       0.82083266030460056      -0.12369286484942606       0.87199811729232091       0.57989352743630296       0.54528519166762912      -0.82799980890871605       0.36722825829067829     
  -1.4062841466187772E-002 -0.24413489111345626      -0.95987683721212147       0.84741899292402678      -0.13870055886391355       0.89675316374689562       0.58949727351575820       0.53051871140122153      -0.83429235319963191       0.34927704500554929     
  -7.0325931539327296E-003 -0.25910743325074381      -0.96930199780274440       0.87249012570138762      -0.15406488063881535       0.91962434773963664       0.59693039325598540       0.51388634023810797      -0.83738353063319704       0.33011793020657126     
  -7.2194841165635661E-005 -0.27480246009235676      -0.97516259873304156       0.89572082115215335      -0.16982466866319723       0.94026362824278931       0.60211330516556416       0.49551365289285448      -0.83720216676293335       0.30984212872854494     
   6.8472555292119616E-003 -0.29125203049725257      -0.97729863532114936       0.91677976753888668      -0.18601866178909199       0.95832742706366203       0.60498497520657823       0.47553388853349637      -0.83372349770425080       0.28854047606429678     
   1.3753450859502692E-002 -0.30848691183399085      -0.97561286978564821       0.93533814514601232      -0.20268551077932395       0.97348719982767151       0.60550490057268702       0.45408478714239636      -0.82697147520507819       0.26630217476317686     
   2.0672948550233047E-002 -0.32653604448491136      -0.97007692364450282       0.95107946066759375      -0.21986369775798748       0.98544091194394889       0.60365458420331142       0.43130550975713261      -0.81701917319806494       0.24321373905575805     
   2.7631274894053780E-002 -0.34542590784930927      -0.96073450131421945       0.96371029978212985      -0.23759135717124508       0.99392485895658034       0.59943840649744951       0.40733375649879289      -0.80398720528582013       0.21935815897712094     
   3.4653060773345130E-002 -0.36517977491399095      -0.94770137877244220       0.97297150081734673      -0.25590599385084567       0.99872513613221225       0.59288382843824861       0.38230317703625999      -0.78804020631607252       0.19481429538013534     
   4.1762206319146344E-002 -0.38581684222228158      -0.93116204693533677       0.97864912354046862      -0.27484409475355559       0.99968797548557120       0.58404089450764241       0.35634114542525336      -0.76938157387181605       0.16965650802804305     
   4.8982069369350123E-002 -0.40735122234859084      -0.91136318085990886       0.98058449811571724      -0.29444063098830875       0.99672815201577825       0.57298104174455577       0.32956694726031643      -0.74824679050012544       0.14395451081725358     
   5.6335670231469362E-002 -0.42979078698427997      -0.88860437616414678       0.97868261087773845      -0.31472844603989569       0.98983473037677216       0.55979525991135548       0.30209040372038254      -0.72489574046879490       0.11777344135231013     
   6.3845903736547013E-002 -0.45313585072279106      -0.86322681665317080       0.97291813135771033      -0.33573752494378051       0.97907358279562817       0.54459168363365673       0.27401093590982106      -0.69960448608253545        9.1174126691740617E-002
   7.1535749051924627E-002 -0.47737768891321469      -0.83560068296485612       0.96333851508084634      -0.35749413789758711       0.96458634848115787       0.52749272746152331       0.24541705494777913      -0.67265697456897522        6.4213523111990745E-002
   7.9428468212625586E-002 -0.50249688789948310      -0.80611216499136762       0.95006382250662602      -0.38001985076325234       0.94658579883617955       0.50863189659269603       0.21638624909737189      -0.64433711010316208        3.6945305116169475E-002
   8.7547785676761664E-002 -0.52846153298809584      -0.77515090029972000       0.93328315608062062      -0.40333039447316105       0.92534788457374073       0.48815041795977104       0.18698522897493999      -0.61492155492257150        9.4205775012377799E-003
   9.5918043127619257E-002 -0.55522524902423398      -0.74309854070187253       0.91324790332717076      -0.42743438585562188       0.90120102801959956       0.46619383805831477       0.15727048532154428      -0.58467353045325354       -1.8311316094474568E-002
  0.10456432589357779      -0.58272512092441009      -0.71031897396208732       0.89026224657086195      -0.45233189419620884       0.87451344688779709       0.44290872590145608       0.12728911051340230      -0.55383778691579555       -4.6201914324033123E-002
  0.11351255940767450      -0.61087953726312905      -0.67715052659970087       0.86467162228001615      -0.47801285132024451       0.84567942569329146       0.41843960335980107        9.7079834381315011E-002 -0.52263681008630636       -7.4202714104999012E-002
  0.12278957581932873      -0.63958601923816771      -0.64390027500490743       0.83684995614620239      -0.50445530850233888       0.81510547488036444       0.39292620304920861        6.6674226426176000E-002 -0.49126824631151172      -0.10226422524084154     
  0.13242315203736749      -0.66871911997544664      -0.61084041815543166       0.80718654826863445      -0.53162355147570606       0.78319724066046936       0.36650112833134962        3.6098019625816061E-002 -0.45990345770126384      -0.13033502602410957     
  0.14244202106472520      -0.69812850470433752      -0.57820653047386628       0.77607343648173788      -0.55946609561021055       0.75034787084671639       0.33928796333513822        5.3725152704808335E-003 -0.42868707134294975      -0.15836084077598125     
  0.15287585850637170      -0.72763734978803640      -0.54619742363041068       0.74389393988778574      -0.58791359728484360       0.71692833393985356       0.31139985533436343       -2.5483966736948215E-002 -0.39773735908122043      -0.18628365918996695     
  0.16375524567732258      -0.75704122613273306      -0.51497629994092464       0.71101290438669040      -0.61687673481026006       0.68327996369820199       0.28293856898659231       -5.6454622238325911E-002 -0.36714727535937419      -0.21404091671305178     
  0.17511160991972760      -0.78610765741950672      -0.48467287094525607       0.67776896728473224      -0.64624413295979921       0.64970928940766937       0.25399399293838654       -8.7522706353692456E-002 -0.33698598600888097      -0.24156475512328704     
  0.18697714167256529      -0.81457656220285635      -0.45538613364337416       0.64446895734315568      -0.67588042890521138       0.61648503524076459       0.22464406465461056      -0.11867010522177765      -0.30730073641926903      -0.26878138298618842     
  0.19938468662517819      -0.84216179653520806      -0.42718753403237336       0.61138437235240140      -0.70562460330040899       0.58383704287108218       0.19495506906966917      -0.14987594990900024      -0.27811892911052144      -0.29561055674356612     
  0.21236761000393028      -0.86855400501556301      -0.40012429427419655       0.57874974254231526      -0.73528872693427971       0.55195679292526711       0.16498226045276893      -0.18111528213134295      -0.24945030483200659      -0.32196520465789663     
  0.22595962874171133      -0.89342495741376249      -0.37422272904136600       0.54676260024781864      -0.76465729849327568       0.52099916857202011       0.13477075416360185      -0.21235777822780777      -0.22128914517304382      -0.34775121744735887     
  0.24019460599343950      -0.91643349030350418      -0.34949142337702560       0.51558473234931945      -0.79348736932520192       0.49108510960790674       0.10435663508219878      -0.24356653608587239      -0.19361643635824771      -0.37286743084262042     
  0.25510630120272521      -0.93723308525054239      -0.32592418571925058       0.48534438521674056      -0.82150966253041369       0.46230483691696161        7.3768231761580205E-002 -0.27469692975992049      -0.16640195224254675      -0.39720582602954069     
  0.27072806770368851      -0.95548099703972866      -0.30350272410588203       0.45613911279685765      -0.84843089129262839       0.43472137448305576        4.3027509180035145E-002 -0.30569553856044807      -0.13960622898860495      -0.42065197350383848     
  0.28709248866613468      -0.97084870178000804      -0.28219902068286623       0.42803899725701061      -0.87393745976708281       0.40837415013889516        1.2151537872655292E-002 -0.33649916149981973      -0.11318241449271961      -0.44308574372461107     
  0.30423094107796694      -0.98303327577069954      -0.26197739993404923       0.40109001943306288      -0.89770068402048231       0.38328251009488257       -1.8845997182746078E-002 -0.36703393405120183       -8.7077982708225088E-002 -0.46438230361411292     
  0.32217307643624665      -0.99176915797732645      -0.24279630040802055       0.37531740626067495      -0.91938359669707848       0.35944903146538609       -4.9953278560792486E-002 -0.39721457189281345       -6.1236307266616108E-002 -0.48441341100530183     
  0.34094620593871661      -0.99683961309446101      -0.22460976918942846       0.35072882950685863      -0.93864929603862912       0.33686255898493350       -8.1158853770774433E-002 -0.42694377513078169       -3.5598091068695083E-002 -0.50304900934306407     
  0.36057457730896159      -0.99808712224833951      -0.20736870400828197       0.32731737150329981      -0.95517067027826996       0.31550092594011320      -0.11245016651282777      -0.45611183566578900       -1.0102649749548068E-002 -0.52015911229028722     
  0.38107853006210168      -0.99542190679558862      -0.19102187066867596       0.30506420782807664      -0.96864117998873545       0.29533334518081383      -0.14381213466671966      -0.48459649894057150        1.5310951966686220E-002 -0.53561595266476947     
  0.40247351617531413      -0.98882785352767755      -0.17551672423244088       0.28394098374979393      -0.97878622707456742       0.27632247472268262      -0.17522578296262431      -0.51226313816407443        4.0702910217382440E-002 -0.54929635297125712     
  0.42476897396594127      -0.97836526200979745      -0.16080006177794987       0.26391188124337112      -0.98537449836026303       0.25842617504068749      -0.20666693446399456      -0.53896530302790757        6.6131834421715566E-002 -0.56108425669156214     
  0.44796704474819982      -0.96417006759697388      -0.14681853307893511       0.24493538742516266      -0.98822856618703847       0.24159898289705051      -0.23810496265160169      -0.56454570464225029        9.1654033815323263E-002 -0.57087334179046922     
  0.47206112484079299      -0.94644948287131458      -0.13351903358216435       0.22696578441476961      -0.98723398035244980       0.22579333059857506      -0.26950160539598528      -0.58883769270346620       0.11732292385419126      -0.57856962218530528     
  0.49703425008875213      -0.92547430987539514      -0.12084900185644565       0.20995438598771182      -0.98234611325365873       0.21096054094796163      -0.30080984372319886      -0.61166726872418564       0.14318853145798704      -0.58409393094469864     
  0.52285731664617752      -0.90156846375548916      -0.10875664139091079       0.19385054891262599      -0.97359413260739891       0.19705162767472478      -0.33197285216010486      -0.63285565980539704       0.16929707114008977      -0.58738417241083762     
  0.54948715077262889      -0.87509647558075365       -9.7191084312816117E-002  0.17860248739735504      -0.96108167046103432       0.18401792946058859      -0.36292303355276556      -0.65222245072905549       0.19569055791478751      -0.58839723069889427     
  0.57686445225041461      -0.84644987849036779       -8.6102512291307470E-002  0.16415791826725279      -0.94498401604365379       0.17181160330751835      -0.39358115933243953      -0.66958923863570230       0.22240641836881397      -0.58711043004921615     
  0.60491165110146938      -0.81603341293883158       -7.5442247572037796E-002  0.15046456287874865      -0.92554195322630717       0.16038600029344910      -0.42385564577664797      -0.68478373564870854       0.24947705914405655      -0.58352245854203988     
  0.63353073580509411      -0.78425191730325039       -6.5162824706997163E-002  0.13747052970651513      -0.90305265269598523       0.14969594397064390      -0.45364200716776515      -0.69764420292930407       0.27692935271572666      -0.57765369016985857     
  0.66260113318540081      -0.75149861869481904       -5.5218051063800934E-002  0.12512459929182224      -0.87785827495467628       0.13969792894870142      -0.48282253696578709      -0.70802405818441527       0.30478400384072324      -0.56954586979947819     
  0.69197774516702937      -0.71814533499166766       -4.5563061599802668E-002  0.11337643096567453      -0.85033311002017109       0.13035025466909597      -0.51126627707635053      -0.71579646179017997       0.33305476616470198      -0.55926115899732531     
  0.72148927476797819      -0.68453487592734485       -3.6154370690970238E-002  0.10217670855032733      -0.82087015325469359       0.12161310707552607      -0.53882934175418973      -0.72085865905569857       0.36174748677995200      -0.54688057535412937     
  0.75093700137355557      -0.65097571869948068       -2.6949921093446329E-002   9.1477240125142051E-002 -0.78986799045532496       0.11344859883723653      -0.56535566528946790      -0.72313584223215699       0.39085896651787955      -0.53250189091300881     
  0.78009419100305433      -0.61773885469873202       -1.7909127533054504E-002   8.1231024902853222E-002 -0.75771875154901525       0.10582077699253832      -0.59067824002212244      -0.72258429937069901       0.42037563500292230      -0.51623708378449562     
