  0.18756644645198972       0.96883717408760450       0.45072509015705253       0.55253966620710693       0.83006404336629958        1.4844289343156181E-002  0.21578183945586571       0.67680446681994322       0.35670250220712330       0.68874596895916862     
  0.18756644645198972       0.96883717408760450       0.45072509015705253       0.55253966620710693       0.83006404336629958        1.4844289343156181E-002  0.21578183945586571       0.67680446681994322       0.35670250220712330       0.68874596895916862     
  0.18756644645198972       0.96883717408760450       0.45072509015705253       0.55253966620710693       0.83006404336629958        1.4844289343156181E-002  0.21578183945586571       0.67680446681994322       0.35670250220712330       0.68874596895916862     
  0.18665753565269799       0.96899038016111738       0.45078701198429644       0.55239215078789383       0.83089019984848056        1.4931480963529579E-002  0.21533572894804978       0.67656461511301424       0.35712359612236777       0.68861929847156356     
  0.18493060513065776       0.96928147170136270       0.45090466345629054       0.55211187149083940       0.83245989716770208        1.5097145042563851E-002  0.21448811898153761       0.67610889686895581       0.35792367456290092       0.68837862454464205     
  0.18246969116385844       0.96969546214919367       0.45107064933204322       0.55171402942868197       0.83469611665969967        1.5334017167330939E-002  0.21328047056353905       0.67546139721999643       0.35906178099224950       0.68803753360149233     
  0.17935251819498249       0.97021779123445784       0.45127667992200776       0.55121402653245322       0.83752708472732207        1.5636084976307349E-002  0.21175128636076587       0.67464603801428424       0.36049830707652714       0.68761021915094489     
  0.17565106051036047       0.97083440397013343       0.45151383517727267       0.55062725181792882       0.84088589427751836        1.5998415205649125E-002  0.20993631450397027       0.67368637007894194       0.36219513701117584       0.68711122544334358     
  0.17143209648237784       0.97153181715475023       0.45177278932537362       0.54996889963807105       0.84471012149497671        1.6417005976724925E-002  0.20786875679532954       0.67260541197949020       0.36411575037161614       0.68655523875673485     
  0.16675773633595214       0.97229717427979112       0.45204400053653349       0.54925381695059272       0.84894145445671354        1.6888660525724547E-002  0.20557947530378831       0.67142552740782280       0.36622529184918728       0.68595691904357903     
  0.16168591017837711       0.97311828975824932       0.45231786953912045       0.54849637684825969       0.85352534543348790        1.7410879178320200E-002  0.20309719277939708       0.67016833443732438       0.36849061490673801       0.68533076562682194     
  0.15627080766093993       0.97398368334918406       0.45258487060100888       0.54771037587276372       0.85841069484986965        1.7981766882788505E-002  0.20044868353061587       0.66885464090784907       0.37088030507540742       0.68469101149828093     
  0.15056326431735656       0.97488260558666839       0.45283565787270230       0.54690895290307173       0.86354957170336166        1.8599954044353308E-002  0.19765895240974798       0.66750440112331522       0.37336468740345130       0.68405154154024184     
  0.14461109253061938       0.97580505494983227       0.45306114975085321       0.54610452764612150       0.86889697267946342        1.9264528762574527E-002  0.19475140036827412       0.66613668985276298       0.37591582150357694       0.68342583066595741     
  0.13845935737145393       0.97674178744399043       0.45325259366018422       0.54530875694903169       0.87441062015280624        1.9974978872627495E-002  0.19174797570376995       0.66476969032265865       0.37850748674403978       0.68282689846215883     
  0.13215059935234322       0.97768431920563814       0.45340161345584967       0.54453250729546110       0.88005079765466487        2.0731142439615834E-002  0.18866931064924011       0.66342069347993571       0.38111515939120333       0.68226727742397253     
  0.12572500754522994       0.97862492269771206       0.45350024150294260       0.54378584194816904       0.88578022014829083        2.1533165560893578E-002  0.18553484337681098       0.66210610630040256       0.38371598292844011       0.68175899230763981     
  0.11922054758673628       0.97955661702558128       0.45354093738076862       0.54307802126206162       0.89156393553296198        2.2381466501895726E-002  0.18236292581992727       0.66084146732564031       0.38628873233422545       0.68131354849711034     
  0.11267304988926535       0.98047315287759951       0.45351659507302372       0.54241751472535382       0.89736925315385652        2.3276705332300078E-002  0.17917091797716850       0.65964146794358502       0.38881377278483453       0.68094192759462158     
  0.10611626392139273       0.98136899257530152       0.45342054042887459       0.54181202329964506       0.90316569469455044        2.4219758346618419E-002  0.17597526955910286       0.65851997819362396       0.39127301303730821       0.68065458871003615     
   9.9581884738071155E-002  0.98223928570603003       0.45324652060369808       0.54126851063128012       0.90892496264416356        2.5211696650842975E-002  0.17279158998715460       0.65749007608568766       0.39364985362965910       0.68046147414569824     
   9.3099558046530514E-002  0.98307984080363608       0.45298868710352613       0.54079324170445020       0.91462092153674623        2.6253768378117090E-002  0.16963470785803483       0.65656407958326168       0.39592912999173802       0.68037201835903116     
   8.6696870002152038E-002  0.98388709353974635       0.45264157395796401       0.54039182750851722       0.92022958733194593        2.7347384064488087E-002  0.16651872105492926       0.65575358052052091       0.39809705057684247       0.68039515923958227     
   8.0399327656482514E-002  0.98465807188790833       0.45220007242876714       0.54006927430461249       0.92572912061826296        2.8494104773032315E-002  0.16345703872209147       0.65506947981123476       0.40014113018716030       0.68053935086573591     
   7.4230335546996790E-002  0.98539035872478198       0.45165940352404405       0.53983003610524583       0.93109981974702849        2.9695632602967554E-002  0.16046241632654251       0.65452202336833765       0.40205011876274244       0.68081257701332487     
   6.8211173349779122E-002  0.98608205233555346       0.45101508943219326       0.53967806902987436       0.93632411051913289        3.0953803261365629E-002  0.15754698501233372       0.65412083819407674       0.40381392602219524       0.68122236477786280     
   6.2360978840914918E-002  0.98673172529402309       0.45026292481833491       0.53961688627214877       0.94138652961939007        3.2270580410019692E-002  0.15472227641195760       0.65387496812678858       0.40542354247304069       0.68177579774761032     
   5.6696739662419893E-002  0.98733838219043468       0.44939894874416514       0.53964961251239296       0.94627369959739227        3.3648051529926080E-002  0.15199924401840062       0.65379290874635820       0.40687095744110507       0.68247952822926661     
   5.1233296598181065E-002  0.98790141668110087       0.44841941778628236       0.53977903673160332       0.95097429380234000        3.5088425071521628E-002  0.14938828214231062       0.65388264095043458       0.40814907489277386       0.68333978808444473     
   4.5983360268774379E-002  0.98842056833218972       0.44732078074545278       0.54000766252898313       0.95547899026867478        3.6594028680915783E-002  0.14689924338407545       0.65415166272109759       0.40925162793394965       0.68436239778556973     
   4.0957542383232876E-002  0.98889587972460458       0.44609965516765276       0.54033775521012684       0.95978041409895576        3.8167308311376658E-002  0.14454145544260499       0.65460701860989701       0.41017309295859639       0.68555277334641185     
   3.6164401969091646E-002  0.98932765427662206       0.44475280574438242       0.54077138509226119       0.96387306838410391        3.9810828045660544E-002  0.14232373796369899       0.65525532648045137       0.41090860448252603       0.68691593082681157     
   3.1610506362272639E-002  0.98971641522483111       0.44327712453111257       0.54131046665993099       0.96775325412735225        4.1527270468714163E-002  0.14025442000360858       0.65610280106397634       0.41145387173049014       0.68845648815463822     
   2.7300506192330296E-002  0.99006286618103301       0.44166961282379735       0.54195679339177083       0.97141897999017635        4.3319437442050530E-002  0.13834135855041674       0.65715527390552553       0.41180509804393978       0.69017866405178097     
   2.3237223156413408E-002  0.99036785365242430       0.43992736446733122       0.54271206825866503       0.97486986295383649        4.5190251140866167E-002  0.13659195840993399       0.65841820930816175       0.41195890414171721       0.69208627389587629     
   1.9421749040741298E-002  0.99063233187419475       0.43804755033779674       0.54357793005791299       0.97810702119060267        4.7142755222844314E-002  0.13501319362676634       0.65989671591902166       0.41191225619670996       0.69418272239623036     
   1.5853554219359609E-002  0.99085733025759515       0.43602740374140819       0.54455597588989091       0.98113296056920507        4.9180116003652678E-002  0.13361163047793978       0.66159555364514766       0.41166239959000667       0.69647099301150051     
   1.2530603729479919E-002  0.99104392370297656       0.43386420650435875       0.54564778019723481       0.98395145628694136        5.1305623518442992E-002  0.13239345194882426       0.66351913563750908       0.41120679907385105       0.69895363408854605     
   9.4494789801465549E-003  0.99119320596715144       0.43155527558485346       0.54685491086750060       0.98656743113516687        5.3522692351219460E-002  0.13136448348188665       0.66567152513801797       0.41054308592075262       0.70163274175669665     
   6.6055031831492974E-003  0.99130626620903006       0.42909795011579138       0.54817894294624070       0.98898683187535730        5.5834862114775619E-002  0.13053021968068476       0.66805642704557844       0.40966901246494009       0.70450993966969722     
   3.9928686875401378E-003  0.99138416876865276       0.42648957887746425       0.54962147051821753       0.99121650513938153        5.8245797463006614E-002  0.12989585155694805       0.67067717412223782       0.40858241426153280       0.70758635574885798     
   1.6047645370954500E-003  0.99142793616463254       0.42372750829768197       0.55118411729182581       0.99326407417933482        6.0759287514787000E-002  0.12946629382974861       0.67353670782835351       0.40728117990673540       0.71086259614550773     
  -5.6649726050620993E-004  0.99143853522607550       0.42080907117558203       0.55286854636932237       0.99513781768753296        6.3379244564265164E-002  0.12924621172444972       0.67663755384552804       0.40576322838775264       0.71433871670866289     
  -2.5293580759625824E-003  0.99141686620980085       0.41773157641935144       0.55467646960825545       0.99684655179305770        6.6109701946377206E-002  0.12924004667667216       0.67998179241738732       0.40402649367252880       0.71801419231475427     
  -4.2928927396639477E-003  0.99136375469462557       0.41449230017243632       0.55660965688366926       0.99839951622311041        6.8954810918652243E-002  0.12945204032374902       0.68357102371092027       0.40206891611470436       0.72188788449004104     
  -5.8666942956435630E-003  0.99127994599388980       0.41108847877390015       0.55866994545288862       0.99980626549944618        7.1918836411018497E-002  0.12988625616324620       0.68740632847535066       0.39988844014499791       0.72595800783254816     
  -7.2607641764932561E-003  0.99116610178716524       0.40751730405393288       0.56085924951164712        1.0010765659249978        7.5006151484404870E-002  0.13054659827464141       0.69148822435208079       0.39748301765154459       0.73022209581834030     
  -8.4854083761907190E-003  0.99102279864359588       0.40377592150375230       0.56317956991827323        1.0022202990048754        7.8221230326587066E-002  0.13143682653502164       0.69581661826924401       0.39485061642149427       0.73467696665571780     
  -9.5511400436596883E-003  0.99085052809333707       0.39986143187988471       0.56563300395705018        1.0032473718396366        8.1568639600121035E-002  0.13256056781082759       0.70039075543923768       0.39198923302506966       0.73931868992916128     
  -1.0468588784844326E-002  0.99064969790020063       0.39577089680647742       0.56822175491711735        1.0041676349266941        8.5053027942572940E-002  0.13392132267274595       0.70520916556881974       0.38889690956963302       0.74414255485076997     
  -1.1248416845662889E-002  0.99042063419734105       0.39150134892684152       0.57094814118257531        1.0049908077070457        8.8679113403903803E-002  0.13552246725677189       0.71026960699040942       0.38557175383117281       0.74914304100824691     
  -1.1901242251932622E-002  0.99016358416748529       0.38704980712814541       0.57381460446473309        1.0057264120980722        9.2451668590200889E-002  0.13736724997774793       0.71556900953125191       0.38201196237802254       0.75431379256235176     
  -1.2437568903985874E-002  0.98987871897817936       0.38241329732246454       0.57682371675947075        1.0063837141578269        9.6375503267479234E-002  0.13945878288860394       0.72110341705455194       0.37821584642890999       0.75964759689977890     
  -1.2867723561456065E-002  0.98956613671877502       0.37758887921451562       0.57997818558121106        1.0069716739311845       0.10045544416464715       0.14180002756531052       0.72686793073304590       0.37418186032573147       0.76513636878575064     
  -1.3201799605502383E-002  0.98922586512717547       0.37257367942236025       0.58328085700890542        1.0074989034330109       0.10469631170173120       0.14439377548066951       0.73285665424894764       0.36990863264116158       0.77077114107994282     
  -1.3449607429302728E-002  0.98885786393839825       0.36736493124274472       0.58673471607703021        1.0079736326283188       0.10910289335905259       0.14724262290641826       0.73906264225138696       0.36539500007255171       0.77654206307515383     
  -1.3620631280683576E-002  0.98846202673157124       0.36196002126764293       0.59034288405377777        1.0084036831750158       0.11367991339639263       0.15034894045036648       0.74547785353817142       0.36064004438704916       0.78243840748583549     
  -1.3723992361050876E-002  0.98803818219505335       0.35635654296257457       0.59410861216718203        1.0087964496028246       0.11843199862964672       0.15371483739200406       0.75209311055585593       0.35564313276971160       0.78844858704895848     
  -1.3768417970259452E-002  0.98758609476925452       0.35055235720945738       0.59803527136565382        1.0091588875143620       0.12336363997763466       0.15734212102593628       0.75889806692175532       0.35040396197891116       0.79456018159904196     
  -1.3762216475826785E-002  0.98710546466210081       0.34454565969577927       0.60212633773036062        1.0094975083137891       0.12847914950543499       0.16123225125857651       0.76588118475308575       0.34492260672518732       0.80075997633991125     
  -1.3713257875308854E-002  0.98659592726202283       0.33833505489610188       0.60638537319145547        1.0098183798977451       0.13378261271489633       0.16538629073198977       0.77302972363007372       0.33919957265611395       0.80703401185664780     
  -1.3628959711315423E-002  0.98605705199731875       0.33191963623957499       0.61081600123719848        1.0101271326853500       0.13927783587011860       0.16980485077307478       0.78032974300924074       0.33323585424756136       0.81336764619282154     
  -1.3516278088426165E-002  0.98548834070860736       0.32529907188662288       0.61542187734388776        1.0104289703215499       0.14496828819813320       0.17448803349089381       0.78776611982807043       0.32703299776954281       0.81974562906312698     
  -1.3381703529339869E-002  0.98488922561301906       0.31847369534804743       0.62020665389517193        1.0107286843630896       0.15085703887530200       0.17943537037519222       0.79532258289213031       0.32059316931301152       0.82615218798493772     
  -1.3231261393404543E-002  0.98425906694520249       0.31144459997003632       0.62517393940226840        1.0110306722502882       0.15694668880067197       0.18464575779072220       0.80298176540219102       0.31391922763471225       0.83257112580139592     
  -1.3070516564000170E-002  0.98359715036178530       0.30421373607968011       0.63032725188293792        1.0113389578808902       0.16323929727112349       0.19011738982062737       0.81072527665740368       0.30701480130458386       0.83898592874305888     
  -1.2904582092152908E-002  0.98290268419336546       0.29678400933987725       0.63566996630839079        1.0116572141338591       0.16973630381179419       0.19584768899310592       0.81853379356144074       0.29988436933033824       0.84537988384638496     
  -1.2738131462639215E-002  0.98217479662224327       0.28915937860422070       0.64120525608570911        1.0119887867392190       0.17643844558058616       0.20183323553306828       0.82638717206772050       0.29253334409489934       0.85173620422846430     
  -1.2575414126389309E-002  0.98141253285575136       0.28134495129827958       0.64693602861135313        1.0123367189521000       0.18334567095840157       0.20806969591718688       0.83426457813978006       0.28496815508481765       0.85803816042218994     
  -1.2420273920213675E-002  0.98061485235499390       0.27334707409297615       0.65286485501165259        1.0127037765613747       0.19045705015680570       0.21455175167713450       0.84214463719233146       0.27719633152439144       0.86426921571828130     
  -1.2276169973008658E-002  0.97978062616778738       0.26517341639074765       0.65899389428178523        1.0130924728415325       0.19777068392028857       0.22127302958985373       0.85000560034224737       0.26922658167626068       0.87041316325309404     
  -1.2146199678115083E-002  0.97890863440323872       0.25683304393097284       0.66532481214850081        1.0135050931364036       0.20528361166750381       0.22822603461032873       0.85782552516621080       0.26106886624229425       0.87645426243505620     
  -1.2033123296017538E-002  0.97799756387424097       0.24833647965539501       0.67185869511639396        1.0139437188408675       0.21299172069884686       0.23540208713320324       0.86558246806566908       0.25273446301838631       0.88237737222635648     
  -1.1939389741741894E-002  0.97704600592364832       0.23969574887661130       0.67859596031497083        1.0144102506180990       0.22088965838791949       0.24279126640300741       0.87325468481356516       0.24423601974465695       0.88816807879545634     
  -1.1867163108734568E-002  0.97605245444034650       0.23092440578371068       0.68553626194537076        1.0149064307523179       0.22897074956037028       0.25038236211379145       0.88082083543293188       0.23558759197066753       0.89381281513173294     
  -1.1818349487101918E-002  0.97501530406310644       0.22203753841899521       0.69267839533147468        1.0154338645884440       0.23722692153089503       0.25816283642986054       0.88826018926238892       0.22680466274542088       0.89929897036395445     
  -1.1794623649945877E-002  0.97393284856316120       0.21305174948641181       0.70002019980876529        1.0159940410495121       0.24564863950058094       0.26611879880019007       0.89555282591871954       0.21790414106404954       0.90461498674356000     
  -1.1797455207801287E-002  0.97280327939097222       0.20398511071964548       0.70755846193221961        1.0165883522501880       0.25422485519261645       0.27423499600902856       0.90267982788420009       0.20890433627343277       0.90975044253289028     
  -1.1828133867954971E-002  0.97162468436868299       0.19485708905319593       0.71528882074585975        1.0172181122410262       0.26294297170334346       0.28249481988352571       0.90962346062847699       0.19982490606800515       0.91469611936603612     
  -1.1887793482169033E-002  0.97039504650728625       0.18568844350212260       0.72320567712282591        1.0178845749247583       0.27178882754588651       0.29088033494726695       0.91636733651353541       0.19068677629738420       0.91944405301255983     
  -1.1977434621839830E-002  0.96911224292650811       0.17650109245422271       0.73130210944448315        1.0185889511847799       0.28074670274440933       0.29937232805151404       0.92289655920798319       0.18151203155209952       0.92398756685784356     
  -1.2097945482056347E-002  0.96777404385576338       0.16731795198959226       0.73956979812569579        1.0193324252593081       0.28979934958065184       0.30795038162467403       0.92919784592754540       0.17232377637448498       0.92832128780414414     
  -1.2250120982972776E-002  0.96637811169618104       0.15816274683266934       0.74799896169375046        1.0201161703845170       0.29892805018816748       0.31659297165362404       0.93525962549030150       0.16314596792877228       0.93244114468032113     
  -1.2434680005552064E-002  0.96492200012652984       0.14905979656625248       0.75657830727094577        1.0209413637183313       0.30811270262835327       0.32527759085573560       0.94107211089232634       0.15400322201629818       0.93634434961392177     
  -1.2652280766004371E-002  0.96340315323980463       0.14003378074252165       0.76529499837458503        1.0218092005451338       0.31733193637013568       0.33398089673564091       0.94662734583587393       0.14492059538742849       0.94002936315706198     
  -1.2903534396052588E-002  0.96181890470215625       0.13110948745470827       0.77413464291179324        1.0227209077517216       0.32656325724729041       0.34267888337416302       0.95191922534395834       0.13592334832329644       0.94349584425977784     
  -1.3189016851634509E-002  0.96016647693168022       0.12231155072615398       0.78308130409041321        1.0236777565573214       0.33578322101100605       0.35134707490614292       0.95694349124231981       0.12703669237679344       0.94674458644590553     
  -1.3509279318358883E-002  0.95844298030123753       0.11366418267691247       0.79211753667475815        1.0246810744758372       0.34496763356937143       0.35996073775464482       0.96169770385850306       0.11828552891435899       0.94977744176386636     
  -1.3864857316149630E-002  0.95664541237689593       0.10519090679715143       0.80122445057527536        1.0257322564869091       0.35409177495923588       0.36849510785160999       0.96618119176133999       0.10969418463597268       0.95259723425656884     
  -1.4256278726968880E-002  0.95477065721169252        9.6914298760784681E-002  0.81038180317095332        1.0268327753936368       0.36313064308627019       0.37692562834109788       0.97039498173307348       0.10128615053035551       0.95520766482103148     
  -1.4684070978049496E-002  0.95281548472319211        8.8855741038771335E-002  0.81956812102899679        1.0279841913486230       0.37205921235667289       0.38522819267944869       0.97434171142825399        9.3083830721872235E-002  0.95761320941034123     
  -1.5148767609241710E-002  0.95077655019270868        8.1035197125223890E-002  0.82876085082539352        1.0291881605357747       0.38085270156837903       0.39337938765837405       0.97802552733213288        8.5108307379954257E-002  0.95981901256992985     
  -1.5650914438163629E-002  0.94865039393406148        7.3471010495678113E-002  0.83793653831172610        1.0304464430024851       0.38948684488404167       0.40135673071223832       0.98145197069526946        7.7379127305733639E-002  0.96183077829892905     
  -1.6191075512708389E-002  0.94643344119033845        6.6179732517252288E-002  0.84707103315844612        1.0317609096447602       0.39793815941423577       0.40913889594545672       0.98462785410274967        6.9914115017341627E-002  0.96365466018775792     
  -1.6769839009378319E-002  0.94412200232834542        5.9175982479723485E-002  0.85613971648295817        1.0331335483559680       0.40618420292326624       0.41670592362976083       0.98756113125019818        6.2729216174038885E-002  0.96529715270728711     
  -1.7387823200376410E-002  0.94171227341223640        5.2472341777679857E-002  0.86511774689906995        1.0345664693575982       0.41420381543892437       0.42403940845751692       0.99026076235987914        5.5838374070312280E-002  0.96676498541512912     
  -1.8045682574886951E-002  0.93920033725026608        4.6079283112389152E-002  0.87398032006210047        1.0360619097372614       0.42197733908893631       0.43112266256482995       0.99273657749349575        4.9253440760434225E-002  0.96806502170313524     
  -1.8744114162853404E-002  0.93658216502169123        4.0005134460536981E-002  0.88270293598842775        1.0376222372247312       0.42948681126908933       0.43794085021318330       0.99499913981744570        4.2984123208013481E-002  0.96920416353962291     
  -1.9483864074834677E-002  0.93385361860459182        3.4256076530619128E-002  0.89126166794936634        1.0392499532408264       0.43671612722328274       0.44448109198895086       0.99705961066301807        3.7037963754868813E-002  0.97018926346328382     
  -2.0265734240802268E-002  0.93101045373977842        2.8836171540409582E-002  0.89963342651460332        1.0409476952561258       0.44365116922434678       0.45073253739066155       0.99892961800782687        3.1420353220667850E-002  0.97102704486686631     
