  0.52883900143506579       0.60569326698023185       0.21742721244960828       0.17480546292448385       0.55400513539681562       0.94283810001655211       0.67452929906378811       0.20687432921875692       0.84029965462754874       0.22818029153014319     
  0.52883900143506579       0.60569326698023185       0.21742721244960828       0.17480546292448385       0.55400513539681562       0.94283810001655211       0.67452929906378811       0.20687432921875692       0.84029965462754874       0.22818029153014319     
  0.52883900143506579       0.60569326698023185       0.21742721244960828       0.17480546292448385       0.55400513539681562       0.94283810001655211       0.67452929906378811       0.20687432921875692       0.84029965462754874       0.22818029153014319     
  0.52952794355607469       0.61173892780986838       0.22675297981892598       0.18322916944168438       0.55560982676583259       0.94633768965340603       0.67642735712339574       0.21115097032595648       0.83505991841386762       0.23189945292766673     
  0.53021688567708358       0.61778458863950492       0.23607874718824368       0.19165287595888492       0.55721451813484957       0.94983727929025996       0.67832541518300338       0.21542761143315603       0.82982018220018650       0.23561861432519027     
  0.53101824078385751       0.62413103422554383       0.24551352568157658       0.20031960521077902       0.55901836117583337       0.95312934142065153       0.68047927764551319       0.21986517614383902       0.82429686327313267       0.23942192131362300     
  0.53193375552787758       0.63076955377347688       0.25502498790672823       0.20920560067192931       0.56102466839982357       0.95621240975394606       0.68288983976198914       0.22446119349714813       0.81849300909800471       0.24330744619152905     
  0.53296593894082478       0.63770329077720822       0.26457730139829599       0.21828737945587462       0.56323804582754500       0.95909742798134090       0.68555247399069597       0.22920029872647329       0.81241975056966476       0.24726070785750737     
  0.53411758221780536       0.64493301949191761       0.27413344100682907       0.22753829042753199       0.56566339535547194       0.96179575633484859       0.68846248408095079       0.23406661283916941       0.80608966965044604       0.25126705119387938     
  0.53539181150119142       0.65245752449644456       0.28365579152467679       0.23692878401568315       0.56830598958941914       0.96431837251291930       0.69161428681472503       0.23904330665801996       0.79951727407502826       0.25531141015174574     
  0.53679209115917592       0.66027329530909118       0.29310681648419834       0.24642669318227833       0.57117144634106698       0.96667579505840240       0.69500134671181923       0.24411264648965805       0.79271907973582634       0.25937835641228779     
  0.53832222884835923       0.66837425294072539       0.30244974308516159       0.25599762010974031       0.57426569843099728       0.96887806260657616       0.69861612623916580       0.24925609336812973       0.78571364935111787       0.26345219464903175     
  0.53998638127747967       0.67675149047673300       0.31164923187284249       0.26560542219727545       0.57759495617558310       0.97093472527083913       0.70245003794450589       0.25445441920934070       0.77852158939498584       0.26751706185474750     
  0.54178906009706951       0.68539304185616445       0.32067200058483664       0.27521278471645039       0.58116566091053712       0.97285484364533625       0.70649340294362073       0.25968783969021392       0.77116549864400497       0.27155702989643360     
  0.54373513727817668       0.69428369345734020       0.32948737436336895       0.28478186074592199       0.58498442779963045       0.97464699367764340       0.71073541810480800       0.26493616159438493       0.76366986346644727       0.27555620939101499     
  0.54582984933597323       0.70340485433121458       0.33806773960047687       0.29427495315962099       0.58905797617668199       0.97631927607182312       0.71516413429180803       0.27017894155089611       0.75606089686439248       0.27949885276562170     
  0.54807879974862317       0.71273450124357529       0.34638888547858832       0.30365520920018046       0.59339304569348728       0.97787932911349740       0.71976644800877942       0.27539565247836251       0.74836632067737929       0.28336945435972427     
  0.55048795891093139       0.72224721385050583       0.35443022501623606       0.31288729612995192       0.59799629660564924       0.97933434400256791       0.72452810866899231       0.28056585357310609       0.74061509317444663       0.28715284550628722     
  0.55306366093963488       0.73191431308419075       0.36217489527434749       0.32193802697388652       0.60287419263690523       0.98069108194600030       0.72943374347280843       0.28566935938894961       0.73283708732665409       0.29083428269610911     
  0.55581259660838356       0.74170411201596043       0.36960974352411141       0.33077690848964703       0.60803286504128595       0.98195589240523340       0.73446690151902561       0.29068640347680819       0.72506272813466022       0.29439952717635265     
  0.55874180163320109       0.75158228309658315       0.37672521199412523       0.33937658891468403       0.61347795675744199       0.98313473201273138       0.73961011828263168       0.29559779219665006       0.71732260021775196       0.29783491464821710     
  0.56185863945316061       0.76151233896400461       0.38351513791523795       0.34771319013995972       0.61921444595117736       0.98423318377253666       0.74484500097671269       0.30038504467865251       0.70964703917500394       0.30112741409311838     
  0.56517077755752942       0.77145621640283391       0.38997648784042932       0.35576651693549188       0.62524644880357982       0.98525647624294377       0.75015233459291553       0.30503051547337695       0.70206572175575965       0.30426467515233963     
  0.56868615630271546       0.78137494520486417       0.39610904574207956       0.36352014382647130       0.63157700215599477       0.98620950246799277       0.75551220761135307       0.30951749715640409       0.69460727043825421       0.30723506389150373     
  0.57241294904452034       0.79122937644268310       0.40191507346106592       0.37096138738523016       0.63820782759856576       0.98709683848056196       0.76090415552619428       0.31383030099349929       0.68729888751843682       0.31002768717842499     
  0.57635951228969362       0.80098093890894873       0.40739896008041143       0.37808117744524866       0.64513907980651553       0.98792276124538447       0.76630731949566055       0.31795431467364527       0.68016603227426831       0.31263240627273914     
  0.58053432445374242       0.81059238898593955       0.41256687412591658       0.38487384469445796       0.65236908339298083       0.98869126594702650       0.77170061664897904       0.32187603702330986       0.67323215232571454       0.31503984055292839     
  0.58494591170986943       0.82002851855558723       0.41742642953138337       0.39133684417022735       0.65989406424134534       0.98940608255724560       0.77706291792368043       0.32558309047380507       0.66651847718616553       0.31724136257934932     
  0.58960275934006057       0.82925678795155811       0.42198637335282713       0.39747043449575775       0.66770788315441576       0.99007069163945394       0.78237322881630755       0.32906421282008053       0.66004387849153257       0.31922908590307275     
  0.59451320697032395       0.83824785619491948       0.42625630049631219       0.40327733157392981       0.67580178162320037       0.99068833936633482       0.78761086815065640       0.33230923045018107       0.65382479781821079       0.32099584717622198     
  0.59968532610823144       0.84697598825536069       0.43024639837542161       0.40876235328743260       0.68416415143832254       0.99126205174090865       0.79275563992848785       0.33530901571866023       0.64787523966246485       0.32253518420021771     
  0.60512677852664021       0.85541932795737485       0.43396722250148523       0.41393206895835222       0.69278034155630352       0.99179464802228168       0.79778799353883034       0.33805543147569572       0.64220682430001474       0.32384131156722618     
  0.61084465428117429       0.86356003437855888       0.43742950254069268       0.41879446427270556       0.70163251685909966       0.99228875336558520       0.80268916805463886       0.34054126594895906       0.63682889304594514       0.32490909551293129     
  0.61684528854259579       0.87138428816796554       0.44064397731652982       0.42335862937838775       0.71069958394363830       0.99274681069175208       0.80744131701176125       0.34276016121906450       0.63174865697359306       0.32573402951297831     
  0.62313405700258251       0.87888218133207641       0.44362125654031032       0.42763447513356007       0.71995719857618945       0.99317109180724417       0.81202761090055087       0.34470653844988708       0.62697137942462189       0.32631221202948407     
  0.62971515040641213       0.88604750916665376       0.44637170665369252       0.43163248014587718       0.72937786770143598       0.99356370779700598       0.81643231554885265       0.34637552285437317       0.62250058257962548       0.32664032765658801     
  0.63659132980841593       0.89287748595038419       0.44890535800094566       0.43536346935738607       0.73893115574265966       0.99392661871610488       0.82064084557407124       0.34776287111841486       0.61833826884002674       0.32671563273355647     
  0.64376366545632280       0.89937240685479702       0.45123183055630778       0.43883842349627383       0.74858400033180816       0.99426164260699668       0.82463979306912460       0.34886490369326867       0.61448514865387360       0.32653594629815524     
  0.65123126379296581       0.90553527758475483       0.45336027556205521       0.44206831769859595       0.75830113670742039       0.99457046387036674       0.82841693260543536       0.34967844402240655       0.61094086755303922       0.32609964704850397     
  0.65899098889757002       0.91137143099806284       0.45529933064395783       0.44506398694331206       0.76804562316190017       0.99485464101823706       0.83196120443902699       0.35020076641043807       0.60770422642294608       0.32540567677377324     
  0.66703718671871159       0.91688814685503239       0.45705708622951480       0.44783601557660058       0.77777945266004300       0.99511561383868485       0.83526267845976654       0.35042955388554559       0.60477339028758814       0.32445355050681335     
  0.67536142257766718       0.92209428737872789       0.45864106137539246       0.45039464806115526       0.78746422880433653       0.99535471000222731       0.83831250190969053       0.35036286706517350       0.60214608208038656       0.32324337344760840     
  0.68395224449312764       0.92699995784118838       0.46005818739480170       0.45274971811356962       0.79706187848550669       0.99557315114081602       0.84110283420896403       0.34999912471673750       0.59981975893246420       0.32177586450646473     
  0.69279498669005990       0.93161619820274733       0.46131479794901986       0.45491059353727636       0.80653536958758698       0.99577205843153438       0.84362677237426575       0.34933709641699262       0.59779176941752599       0.32005238612000836     
  0.70187162895029886       0.93595470908842471       0.46241662451930510       0.45688613427868580       0.81584940060555000       0.99595245771854790       0.84587827051063280       0.34837590745851588       0.59605949094100574       0.31807497980042254     
  0.71116072794844731       0.94002761316408279       0.46336879639801276       0.45868466149812909       0.82497103028574870       0.99611528420860496       0.84785205672676289       0.34711505592964359       0.59462044705990191       0.31584640668742980     
  0.72063743609544861       0.94384725128267755       0.46417584452458371       0.46031393573089147       0.83387021936343209       0.99626138677734855       0.84954355059155084       0.34555444170232302       0.59347240498735787       0.31337019218182732     
  0.73027362142132601       0.94742601156726536       0.46484170863857249       0.46178114249943270       0.84252026273084635       0.99639153192571728       0.85094878394304951       0.34369440689498204       0.59261345389488684       0.31065067354798853     
  0.74003809849545676       0.95077618881507642       0.46536974732500780       0.46309288401319132       0.85089809820500573       0.99650640742753827       0.85206432750563310       0.34153578722631150       0.59204206489685807       0.30769304918090518     
  0.74989697528302601       0.95390987116736803       0.46576275058620914       0.46425517584806136       0.85898448657551196       0.99660662571070824       0.85288722538979289       0.33907997353016878       0.59175713380412409       0.30450342804311048     
  0.75981411434553792       0.95683885081440045       0.46602295459050863       0.46527344772700585       0.86676406586843857       0.99669272701470479       0.85341493916121647       0.33632898254950683       0.59175800787818467       0.30108887759258401     
  0.76975169931725862       0.95957455552223403       0.46615205822727795       0.46615254772117098       0.87422528994694182       0.99676518236609779       0.85364530278742734       0.33328553595566524       0.59204449790911939       0.29745746835161041     
  0.77967088975877497       0.96212799791725467       0.46615124104807726       0.46689674935318304       0.88136026709497883       0.99682439641077958       0.85357648941352771       0.32995314633669826       0.59261687697880305       0.29361831311856579     
  0.78953254010695417       0.96450973969629339       0.46602118210807031       0.46750976120788651       0.88816451779355854       0.99687071013640360       0.85320699059231009       0.32633620865517998       0.59347586725065582       0.28958159871250683     
  0.79929795238480528       0.96672986820716833       0.46576207915529894       0.46799473873862169       0.89463667247819223       0.99690440351079335       0.85253560830379371       0.32244009538661583       0.59462261604200728       0.28535860807926555     
  0.80892962842136096       0.96879798313876853       0.46537366756438997       0.46835429799893902       0.90077812987397143       0.99692569805188558       0.85156145984762466       0.31827125321431393       0.59605866228041937       0.28096173059386520     
  0.81839198616987185       0.97072319135213692       0.46485523839119303       0.46859053103246207       0.90659269490925609       0.99693475933248210       0.85028399547825684       0.31383729878246608       0.59778589422106376       0.27640445848384182     
  0.82765200657959637       0.97251410816178929       0.46420565494770172       0.46870502262251168       0.91208621264984924       0.99693169940946569       0.84870302847382406       0.30914711061153316       0.59980649901543681       0.27170136748617491     
  0.83667978224661110       0.97417886363220574       0.46342336736877432       0.46869886804656724       0.91726621160915767       0.99691657915331677       0.84681877717851706       0.30421091388278915       0.60212290438720528       0.26686808014805175     
  0.84544894621820099       0.97572511268424944       0.46250642476308523       0.46857269141044594       0.92214156655561286       0.99688941044114976       0.84463191842558005       0.29904035443460741       0.60473771231129314       0.26192121059397983     
  0.85393696801391894       0.97716004800902145       0.46145248470281247       0.46832666406752921       0.92672218784898763       0.99685015816655687       0.84214365162172855       0.29364855802189310       0.60765362423587033       0.25687829010654933     
  0.86212531314339891       0.97849041496290790       0.46025881999643659       0.46796052257478371       0.93101874158900622       0.99679874201364382       0.83935577264006178       0.28805017071763733       0.61087335706556090       0.25175767349401323     
  0.86999947113545550       0.97972252776897895       0.45892232288998019       0.46747358561398733       0.93504240256104354       0.99673503794170160       0.83627075651288230       0.28226137632989107       0.61439954887044090       0.24657842692335111     
  0.87754886449282254       0.98086228647874263       0.45743950703699421       0.46686476932441517       0.93880464015072485       0.99665887933130348       0.83289184772438207       0.27629988691449459       0.61823465312981352       0.24136019865126088     
  0.88476665647200570       0.98191519425712159       0.45580650775210002       0.46613260055783823       0.94231703605540063       0.99657005775184893       0.82922315666438184       0.27018490292220942       0.62238082028918995       0.23612307484755193     
  0.89164947889898738       0.98288637464505313       0.45401908120718876       0.46527522767705209       0.94559113169611109       0.99646832332360591       0.82526976051077494       0.26393704025356390       0.62683976552557952       0.23088742342942711     
  0.89819710241503992       0.98378058853089534       0.45207260333951726       0.46429042866769105       0.94863830266203597       0.99635338466250767       0.82103780645846824       0.25757822251125040       0.63161262189753464       0.22567372946218894     
  0.90441207088904874       0.98460225062625317       0.44996206931864768       0.46317561650688366       0.95146965722896526       0.99622490841148303       0.81653461481235268       0.25113153801892696       0.63669977851526105       0.22050242618468846     
  0.91029931966900657       0.98535544529610541       0.44768209447067486       0.46192784191544717       0.95409595591569607       0.99608251837613804       0.81176877902586497       0.24462106266904216       0.64210070401084784       0.21539372604539628     
  0.91586579436663518       0.98604394163914055       0.44522691759249172       0.46054379379672594       0.95652754911718840       0.99592579429372607       0.80675025931925515       0.23807165129408570       0.64781375642250494       0.21036745625714562     
  0.92112008344365559       0.98667120775363004       0.44259040761588886       0.45901979782136187       0.95877433003066692       0.99575427027164598       0.80149046608661156       0.23150870192280762       0.65383598162598611       0.20544290327956555     
  0.92607207438857941       0.98724042415831570       0.43976607461028505       0.45735181374433875       0.96084570033101968       0.99556743293490746       0.79600232894068845       0.22495789886401185       0.66016290363757335       0.20063867031871627     
  0.93073264002958311       0.98775449636766077       0.43674708615110486       0.45553543213519548       0.96275054632491319       0.99536471932138115       0.79030034699921570       0.21844494192629399       0.66678831144844841       0.19597255141110290     
  0.93511335870695445       0.98821606664704675       0.43352629013284316       0.45356587126630582       0.96449722359748802       0.99514551455988931       0.78440061593898691       0.21199527010933894       0.67370404848315346       0.19146142496716023     
  0.93922626971893985       0.98862752499635942       0.43009624517324385       0.45143797494374993       0.96609354844656758       0.99490914936021668       0.77832082748723708       0.20563378868873378       0.68089981223415053       0.18712116883275329     
  0.94308366367526819       0.98899101942975398       0.42644925983623350       0.44914621208931110       0.96754679466747562       0.99465489733689538       0.77208023742978893       0.19938460869375410       0.68836297301115978       0.18296659803923343     
  0.94669790610986904       0.98930846563470709       0.42257744199170760       0.44668467890014080       0.96886369450106657       0.99438197218102309       0.76569959892523876       0.19327080732286400       0.69607842192957092       0.17901142550868857     
  0.95008129185472634       0.98958155610390286       0.41847275972236364       0.44404710443361556       0.97005044278523178       0.99408952468709999       0.75920105893705814       0.18731421688052355       0.70402845909198475       0.17526824511422809     
  0.95324592718313983       0.98981176883795696       0.41412711527085072       0.44122686049611376       0.97111270355428991       0.99377663963539942       0.75260801691745760       0.18153524842440080       0.71219273321848398       0.17174853571145057     
  0.95620363651402662       0.99000037571431154       0.40953243358066754       0.43821697676076654       0.97205561851038713       0.99344233252498215       0.74594494645364673       0.17595275459628601       0.72054824358041480       0.16846268409238510     
  0.95896589045643099       0.99014845060682433       0.40468076700412414       0.43501016210299681       0.97288381694558757       0.99308554614821720       0.73923718234137770       0.17058393421047136       0.72906941383629831       0.16542002429082914     
  0.96154375210241894       0.99025687732108381       0.39956441770918305       0.43159883322357318       0.97360142682182238       0.99270514699454571       0.73251067737451858       0.16544427923678992       0.73772824515380353       0.16262889029934655     
  0.96394783869597434       0.99032635738252695       0.39417607918910269       0.42797515172421319       0.97421208681712024       0.99229992146909529       0.72579173490147308       0.16054756298109951       0.74649455280623689       0.16009667904298541     
  0.96618829607582080       0.99035741767924212       0.38850899803572264       0.42413107090531738       0.97471895921924878       0.99186857191046840       0.71910672475610460       0.15590586665111686       0.75533628634241334       0.15782992038320717     
  0.96827478358199004       0.99035041792133194       0.38255715674694574       0.42005839366163750       0.97512474359095958       0.99140971239141407       0.71248179138205281       0.15152964018560769       0.76421992865890165       0.15583435098066953     
  0.97021646740886947       0.99030555783743424       0.37631547776759144       0.41574884294945924       0.97543169114413442       0.99092186428600215       0.70594256371447406       0.14742779226873884       0.77311096419552905       0.15411498900599180     
  0.97202202066774201       0.99022288399085856       0.36978004817687271       0.41119414637525026       0.97564161974439778       0.99040345158721943       0.69951387657773223       0.14360780386129765       0.78197440147743502       0.15267620693004144     
  0.97369962868119375       0.99010229606750100       0.36294836340595432       0.40638613649451405       0.97575592942643485       0.98985279595950071       0.69321951296531714       0.14007585933732034       0.79077533084946616       0.15152179992623011     
  0.97525699826585133       0.98994355246954446       0.35581958707537259       0.40131686839103303       0.97577561823914316       0.98926811151153105       0.68708197560820683       0.13683698937539782       0.79947949499532156       0.15065504775494018     
  0.97670136996715717       0.98974627504601387       0.34839482248074505       0.39597875600712251       0.97570129816734896       0.98864749927567641       0.68112229478323283       0.13389522006057239       0.80805384812596526       0.15007876835519163     
  0.97803953239061203       0.98950995280474285       0.34067738944702297       0.39036472848737458       0.97553321080387034       0.98798894138159865       0.67535987748293691       0.13125372314114792       0.81646707982497591       0.14979536172471578     
  0.97927783792963152       0.98923394447917701       0.33267309827146052       0.38446840745054373       0.97527124238413265       0.98729029491302167       0.66981240101350881       0.12891496299200608       0.82469008150935474       0.14980684301367744     
  0.98042221932309725       0.98891747986446710       0.32439051038180089       0.37828430558316734       0.97491493775690452       0.98654928543825904       0.66449575197128341       0.12688083650591891       0.83269633713093161       0.15011486407953845     
  0.98147820658839646       0.98855965988558137       0.31584117329803035       0.37180804622028840       0.97446351285835531       0.98576350020705816       0.65942400952843683       0.12515280282054109       0.84046222472566445       0.15072072304426964     
  0.98245094397090382       0.98815945540993422       0.30703981570636979       0.36503660261220033       0.97391586528793395       0.98493038100863151       0.65460947016947668       0.12373200045599464       0.84796722118467904       0.15162536165660165     
  0.98334520663107616       0.98771570486268490       0.29800448718527123       0.35796855434813818       0.97327058265378785       0.98404721668852679       0.65006270956125101       0.12261935006155962       0.85519400857249839       0.15282935049054799     
  0.98416541685804049       0.98722711073983860       0.28875662665167168       0.35060435690915925       0.97252594845742002       0.98311113532534489       0.64579267616856806       0.12181564153428952       0.86212848587745483       0.15433286220927450     
  0.98491565965597505       0.98669223513969351       0.27932104421442305       0.34294661856629194       0.97167994541222635       0.98211909607238201       0.64180681056180999       0.12132160476853342       0.86875969477145254       0.15613563329565616     
  0.98559969759862309       0.98610949444604812       0.26972580308793187       0.33500037687123141       0.97073025622574149       0.98106788067419926       0.63811118408250533       0.12113796371910239       0.87507967146174348       0.15823691480539243     
  0.98622098488956034       0.98547715329768892       0.26000199170159288       0.32677336489154296       0.96967426200746754       0.97995408467409140       0.63471065059037501       0.12126547381058027       0.88108323889445350       0.16063541284550842     
