  0.52883900143506579       0.60569326698023185       0.21742721244960828       0.17480546292448385       0.55400513539681562       0.94283810001655211       0.67452929906378811       0.20687432921875692       0.84029965462754874       0.22818029153014319     
  0.52883900143506579       0.60569326698023185       0.21742721244960828       0.17480546292448385       0.55400513539681562       0.94283810001655211       0.67452929906378811       0.20687432921875692       0.84029965462754874       0.22818029153014319     
  0.52883900143506579       0.60569326698023185       0.21742721244960828       0.17480546292448385       0.55400513539681562       0.94283810001655211       0.67452929906378811       0.20687432921875692       0.84029965462754874       0.22818029153014319     
  0.52890789564460017       0.60629783304067364       0.21835978915179885       0.17564783354482313       0.55416560452773933       0.94318805896720048       0.67471910486267805       0.20730199331354515       0.83977568102570022       0.22855220765604059     
  0.52903879464297210       0.60744650855776527       0.22013168488943508       0.17724833772660589       0.55447049587709230       0.94385298097473613       0.67507973588127601       0.20811455509523596       0.83878013118023598       0.22925884829663115     
  0.52922661282112893       0.60908792808144452       0.22266020212768931       0.17953369677223080       0.55490734139880304       0.94479930140255830       0.67559666268268592       0.20927514414384726       0.83735731612181341       0.23026759075573353     
  0.52946778249744919       0.61117858096210365       0.22587193600829469       0.18244017769681012       0.55546670777405838       0.94599494624958569       0.67625910979808901       0.21075202853495964       0.83554455975896957       0.23154983439148530     
  0.52976001185978749       0.61368172634813500       0.22970158221680312       0.18591230516717325       0.55614173423875635       0.94740937409061621       0.67705945016863445       0.21251793235206304       0.83337317179876536       0.23308050096056021     
  0.53010207937691567       0.61656644259208959       0.23409083232028663       0.18990169553566816       0.55692773860144651       0.94901360343114916       0.67799267947407937       0.21454942236088201       0.83086930888269883       0.23483758004764663     
  0.53049365868715248       0.61980679488980450       0.23898736208470650       0.19436600682234187       0.55782188017399148       0.95078022790433925       0.67905596005603297       0.21682635794733468       0.82805473735112423       0.23680171704944367     
  0.53093516909648153       0.62338110615814701       0.24434391393985164       0.19926799660995481       0.55882287042378120       0.95268342132290895       0.68024822542873598       0.21933139861788520       0.82494750970175967       0.23895584098340017     
  0.53142764772884898       0.62727131752231158       0.25011747205948226       0.20457467909271007       0.55993072386521781       0.95469893421610030       0.68156983749941147       0.22204956370019968       0.82156256540353123       0.24128482933653009     
  0.53197264009991596       0.63146242619286130       0.25626852696694608       0.21025657254492150       0.56114654308922396       0.95680408314427401       0.68302228960250155       0.22496783929157591       0.81791226537896511       0.24377520721011028     
  0.53257210646479547       0.63594198988505135       0.26276042579056597       0.21628702896431135       0.56247233293587084       0.95897773379799733       0.68460794930275870       0.22807482793777301       0.81400686823199564       0.24641487811743851     
  0.53322834174990441       0.64069968822556711       0.26955880400472720       0.22264163840223528       0.56391083969694877       0.96120027865593449       0.68632983565841543       0.23136043695878916       0.80985495519365402       0.24919288393009378     
  0.53394390724464103       0.64572693278583537       0.27663109450164275       0.22929770138900132       0.56546541193652755       0.96345360979458894       0.68819142627451890       0.23481560175569721       0.80546380978553356       0.25209919162678124     
  0.53472157252144370       0.65101651847247566       0.28394610999994874       0.23623376380815717       0.56713988007547567       0.96572108730863571       0.69019649003363337       0.23843204082609173       0.80083975734923751       0.25512450466659947     
  0.53556426628995280       0.65656230999893850       0.29147369500520159       0.24342920950866481       0.56893845233087337       0.96798750370743514       0.69234894188027440       0.24220203958167108       0.79598846884338637       0.25826009697781432     
  0.53647503508572036       0.66235895806741529       0.29918444372060565       0.25086390682564152       0.57086562495735782       0.97023904459478660       0.69465271646843496       0.24611826039907239       0.79091523265121910       0.26149766771879229     
  0.53745700885606507       0.66840164071839625       0.30704948041459396       0.25851790597739260       0.57292610502333230       0.97246324590828070       0.69711165786829099       0.25017357664457890       0.78562519755536153       0.26482921512612756     
  0.53851337264230237       0.67468582606901550       0.31504029875544520       0.26637118499434242       0.57512474418478654       0.97464894798512802       0.69972942287677786       0.25436092869542720       0.78012358950817862       0.26824692791376503     
  0.53964734367346434       0.68120705337215703       0.32312865650870209       0.27440344239432302       0.57746648210372653       0.97678624672693204       0.70250939579384619       0.25867320023581647       0.77441590434531482       0.27174309282439169     
  0.54086215328477494       0.68796072999635949       0.33128652176194429       0.28259393523225990       0.57995629830466477       0.97886644215105056       0.70545461281717392       0.26310311333477049       0.76850807814869493       0.27531001705934438     
  0.54216103315634334       0.69494194255997777       0.33948606650739471       0.29092136140799996       0.58259917137706174       0.98088198463626364       0.70856769447717571       0.26764314101579662       0.76240663655864771       0.27893996442494040     
  0.54354720543477408       0.70214528105743113       0.34769970300086978       0.29936378520567647       0.58540004451852357       0.98282641919158042       0.71185078478466368       0.27228543620458678       0.75611882396119900       0.28262510413093961     
  0.54502387635327521       0.70956467539335455       0.35590015785969387       0.30789860495904919       0.58836379647669335       0.98469432809618163       0.71530549599806459       0.27702177609035489       0.74965271313702297       0.28635747126051869     
  0.54659423300494003       0.71719324429147013       0.36406057840281775       0.31650256149414369       0.59149521699053442       0.98648127227352200       0.71893285813765606       0.28184352105824306       0.74301729565660768       0.29012893800066458     
  0.54826144294990165       0.72502315706488552       0.37215466531733798       0.32515178560594282       0.59479898585748303       0.98818373177206997       0.72273327258228592       0.28674158744405964       0.73622255304755202       0.29393119477752067     
  0.55002865635107978       0.73304550921556610       0.38015682540063489       0.33382188230164006       0.59827965476528266       0.98979904572825528       0.72670646928043303       0.29170643342814201       0.72927950855181800       0.29775574048347786     
  0.55189901033667743       0.74125021326159080       0.38804233791636789       0.34248804892008089       0.60194163102994136       0.99132535218369844       0.73085146729277595       0.29672805742246294       0.72220025914141306       0.30159388101251544     
  0.55387563528223083       0.74962590655691430       0.39578752804819689       0.35112522355506204       0.60578916237813185       0.99276152811891505       0.73516653855774738       0.30179600831483749       0.71499798737875253       0.30543673533858506     
  0.55596166269292180       0.75815987815248820       0.40336994105957918       0.35970825951554547       0.60982632190754815       0.99410713004996798       0.73964917493451954       0.30689940691751671       0.70768695270053739       0.30927524838011455     
  0.55816023435023543       0.76683801693082898       0.41076851108102547       0.36821212089916855       0.61405699235633093       0.99536233551376141       0.74429605872870619       0.31202697792661077       0.70028246177739673       0.31310020989368176     
  0.56047451236808743       0.77564478330922004       0.41796371894391759       0.37661209378799843       0.61848484881666332       0.99652788574274742       0.74910303704352577       0.31716709163652856       0.69280081775916524       0.31690227863351916     
  0.56290768978433137       0.78456320673186974       0.42493773414519737       0.38488400714530940       0.62311333904179578       0.99760502980174437       0.75406510042153840       0.32230781457364105       0.68525924845726671       0.32067201100291159     
  0.56546300129588611       0.79357491094410892       0.43167453683092372       0.39300445723989702       0.62794566052355782       0.99859547042932528       0.75917636634717911       0.32743696812015149       0.67767581383665576       0.32439989341103892     
  0.56814373373105975       0.80266016865337375       0.43816001659065212       0.40095102937961896       0.63298473356198071       0.99950131179477220       0.76443006826557858       0.33254219409786084       0.67006929358058254       0.32807637753677665     
  0.57095323584203683       0.81179798663139480       0.44438204581479290       0.40870251091401322       0.63823316961271614        1.0003250093497609       0.76981855083568884       0.33761102617784666       0.66245905593741750       0.33169191769178441     
  0.57389492699455757       0.82096622160864074       0.45033052633748422       0.41623908986688229       0.64369323428382530        1.0010693219224924       0.77533327217239612       0.34263096588206093       0.65486490954032694       0.33523700947118590     
  0.57697230433078572       0.83014172647574436       0.45599740902368519       0.42354253416772419       0.64936680446316342        1.0017372661715469       0.78096481383995642       0.34758956185258744       0.64730694038398129       0.33870222888341944     
  0.58018894798509868       0.83930052536920352       0.46137668682173832       0.43059634723544277       0.65525531919253333        1.0023320734878138       0.78670289933478110       0.35247449098968298       0.63980533662096606       0.34207827116330797     
  0.58354852394063950       0.84841801522306226       0.46646436255966078       0.43738589658677196       0.66135972406613786        1.0028571494058234       0.79253642173682370       0.35727364000616330       0.63238020427608388       0.34535598849563970     
  0.58705478412634937       0.85746919036682956       0.47125839339212333       0.44389851314527240       0.66768040911927351        1.0033160355609425       0.79845348111382519       0.36197518591783640       0.62505137734178384       0.34852642591175753     
  0.59071156336916508       0.86642888580109023       0.47575861429244892       0.45012355996104564       0.67421714038874703        1.0037123742063732       0.80444143213077557       0.36656767399118445       0.61783822598770832       0.35158085466958700     
  0.59452277283343413       0.87527203394665654       0.47996664332647765       0.45605247006384936       0.68096898556852092        1.0040498752837743       0.81048694214880268       0.37104009170282137       0.61075946677165671       0.35451080248847827     
  0.59849238959877238       0.88397392899833305       0.48388577164772278       0.46167875411547155       0.68793423445102964        1.0043322860236288       0.81657605989557924       0.37538193733157060       0.60383297876437192       0.35730808008400516     
  0.60262444204814569       0.89251049256996251       0.48752084122769684       0.46699797936164711       0.69511031513367860        1.0045633630361452       0.82269429455730037       0.37958328190312907       0.59707562939035108       0.35996480353376903     
  0.60692299075971301       0.90085853413002492       0.49087811329845371       0.47200772208049363       0.70249370727697436        1.0047468468404137       0.82882670488625765       0.38363482333769733       0.59050311354351104       0.36247341210214634     
  0.61139210461904181       0.90899599981655044       0.49396513035621537       0.47670749626579179       0.71007985401940343        1.0048864387685932       0.83495799764575929       0.38752793180992895       0.58412980917028046       0.36482668125820150     
  0.61603583189315025       0.91690220358729269       0.49679057437664625       0.48109866166307658       0.71786307447630127        1.0049857801729452       0.84107263443499070       0.39125468551428561       0.57796865204114856       0.36701773073467020     
  0.62085816603527788       0.92455803528728020       0.49936412364485039       0.48518431449824262       0.72583647906479443        1.0050484338563681       0.84715494566100857       0.39480789623272122       0.57203103187835136       0.36904002759466398     
  0.62586300602054235       0.93194614106428819       0.50169631032591933       0.48896916431439941       0.73399189019114119        1.0050778676415582       0.85318925016485381       0.39818112432027097       0.56632671139964585       0.37088738439393565     
  0.63105411104931797       0.93905107258202325       0.50379838061190529       0.49245940028148977       0.74231977109453462        1.0050774399898386       0.85915997877536210       0.40136868295190126       0.56086376920523362       0.37255395264734337     
  0.63643504949922658       0.94585940260947687       0.50568215899257529       0.49566255018710231       0.75080916584445923        1.0050503875779020       0.86505179986878877       0.40436563170502149       0.55564856680566077       0.37403421192558278     
  0.64200914206037552       0.95235980573706325       0.50735991792125457       0.49858733508015696       0.75944765361707001        1.0049998147390069       0.87084974486478539       0.40716775978052178       0.55068573948936750       0.37532295501929697     
  0.64777939905447168       0.95854310412105281       0.50884425389145993       0.50124352224580881       0.76822132040907876        1.0049286846744228       0.87653933149768726       0.40977155938540760       0.54597821018188342       0.37641526970931455     
  0.65374845201942999       0.96440227922892474       0.51014797070997286       0.50364177886249861       0.77711475126512930        1.0048398123409497       0.88210668267220360       0.41217419000668054       0.54152722497172756       0.37730651777113877     
  0.65991847973987217       0.96993245150138219       0.51128397055014541       0.50579352835042113       0.78611104587872405        1.0047358589210200       0.88753863874736172       0.41437343449406738       0.53733240858241504       0.37799231191625693     
  0.66629112902314691       0.97513083062670136       0.51226515319612664       0.50771081108133431       0.79519186006379583        1.0046193277830695       0.89282286119185195       0.41636764803398219       0.53339183776138221       0.37846849143003830     
  0.67286743066253363       0.97999663971877682       0.51310432374326653       0.50940615079557261       0.80433747507677456        1.0044925618414167       0.89794792571466264       0.41815570123465789       0.52970213033557489       0.37873109730405757     
  0.67964771119585754       0.98453101709456869       0.51381410889992118       0.51089242777281774       0.81352689609873785        1.0043577422266863       0.90290340319121420       0.41973691864918788       0.52625854754582957       0.37877634767827789     
  0.68663150125967987       0.98873689956501298       0.51440688193814921       0.51218275953479264       0.82273798037549006        1.0042168881797384       0.90767992696888333       0.42111101413635571       0.52305510721043280       0.37860061440496462     
  0.69381744155609637       0.99261889120137470       0.51489469626178996       0.51329038962390350       0.83194759458312506        1.0040718580840018       0.91226924543683119       0.42227802449635804       0.52008470527241868       0.37820040152151990     
  0.70120318768890233       0.99618312143949594       0.51528922749640860       0.51422858480289590       0.84113179997238519        1.0039243515529630       0.91666425907227400       0.42323824281838823       0.51733924334404902       0.37757232637447119     
  0.70878531538432576       0.99943709616494758       0.51560172395288140       0.51501054085588094       0.85026606279229200        1.0037759124912364       0.92085904151717957       0.42399215293899623       0.51480975996407652       0.37671310407328601     
  0.71655922788214255        1.0023895451121565       0.51584296527154416       0.51564929703831053       0.85932548645605322        1.0036279330490414       0.92484884458447281       0.42454036633467845       0.51248656341796350       0.37561953587300850     
  0.72451906755645934        1.0050502685391125       0.51602322901376874       0.51615765911939138       0.86828506094931057        1.0034816583909898       0.92863008743061093       0.42488356266096677       0.51035936412859473       0.37428850199216646     
  0.73265763408955398        1.0074299857330267       0.51615226493001376       0.51654813088121632       0.87711992415234985        1.0033381922007800       0.93220033045249406       0.42502243500635994       0.50841740479717701       0.37271695927086351     
  0.74096631176170669        1.0095401874846317       0.51623927659583457       0.51683285388051547       0.88580562910962857        1.0031985028436630       0.93555823476325228       0.42495764075711107       0.50664958665473547       0.37090194396779852     
  0.74943500861703360        1.0113929942588464       0.51629291006867706       0.51702355523733601       0.89431841087817887        1.0030634301084125       0.93870350836728877       0.42468975877383380       0.50504459036946803       0.36884057988872848     
  0.75805211039987663        1.0130010214020553       0.51632124917783340       0.51713150318629142       0.90263544645332783        1.0029336924499912       0.94163684038543383       0.42421925337003968       0.50359099034135069       0.36653009193716740     
  0.76680445220699389        1.0143772523717922       0.51633181701768327       0.51716747010671338       0.91073510142045033        1.0028098946532333       0.94435982487303949       0.42354644536403624       0.50227736130125644       0.36396782508511366     
  0.77567731074639212        1.0155349206597790       0.51633158317090933       0.51714170273492222       0.91859715741039216        1.0026925358367496       0.94687487592540742       0.42267149025778950       0.50109237631683368       0.36115126868091035     
  0.78465441991466545        1.0164874008073423       0.51632697614500522       0.51706389925217711       0.92620301511970005        1.0025820177150275       0.94918513587518449       0.42159436338840911       0.50002489549137585       0.35807808594561774     
  0.79371801208546766        1.0172481086837599       0.51632390046385612       0.51694319293339175       0.93353586855341597        1.0024786530355201       0.95129437845509146       0.42031485170872468       0.49906404482490679       0.35474614845998176     
  0.80284888703252355        1.0178304110115368       0.51632775781866003       0.51678814203260270       0.94058084720288004        1.0023826741065796       0.95320690882692338       0.41883255169120365       0.49819928488846471       0.35115357541129744     
  0.81202650978980095        1.0182475439749472       0.51634347165144423       0.51660672557010479       0.94732512402003410        1.0022942413316338       0.95492746236489090       0.41714687272126755       0.49742046914231269       0.34729877735177578     
  0.82122913798758290        1.0185125406354074       0.51637551452248098       0.51640634467223756       0.95375798822642333        1.0022134516652517       0.95646110402911744       0.41525704525731194       0.49671789190505233       0.34318050421449503     
  0.83043397831601862        1.0186381667948532       0.51642793760246997       0.51619382909757849       0.95987088313531543        1.0021403469079546       0.95781313007486601       0.41316213298884880       0.49608232615107972       0.33879789733529375     
  0.83961737078892862        1.0186368648916220       0.51650440163355715       0.51597544856276534       0.96565741021243623        1.0020749217590310       0.95898897371670255       0.41086104822234087       0.49550505147548835       0.33415054523345417     
  0.84875499845298963        1.0185207054778052       0.51660820872166302       0.51575692845776400       0.97111330150931463        1.0020171315504138       0.95999411620676434       0.40835256976532602       0.49497787271479504       0.32923854290420934     
  0.85782211916296158        1.0183013458084194       0.51674233435700256       0.51554346951493957       0.97623636334125075        1.0019668995900353       0.96083400459584212       0.40563536265990457       0.49449312984485250       0.32406255436491960     
  0.86679381508043485        1.0179899950671838       0.51690945910998942       0.51533977096998451       0.98102639463188379        1.0019241240500742       0.96151397722926557       0.40270799923111883       0.49404369989015345       0.31862387816706378     
  0.87564525471155796        1.0175973857578906       0.51711199951480757       0.51515005672714553       0.98548508370443444        1.0018886843441666       0.96203919779181724       0.39956898105704292       0.49362299166798984       0.31292451553127787     
  0.88435196163504548        1.0171337508014830       0.51735213773067201       0.51497810401806732       0.98961588747412166        1.0018604469478669       0.96241459846334965       0.39621676162715563       0.49322493425393599       0.30696724067684616     
  0.89289008363377620        1.0166088058947316       0.51763184965810771       0.51482727402492445       0.99342389700481004        1.0018392706282444       0.96264483248667165       0.39264976962472281       0.49284396009032427       0.30075567279616444     
  0.90123665576661305        1.0160317367050011       0.51795293128061404       0.51470054392638920       0.99691569326013973        1.0018250110611626       0.96273423618959431       0.38886643293821688       0.49247498366652209       0.29429434896670942     
  0.90936985101993528        1.0154111904956431       0.51831702309650818       0.51460053982136833        1.0000991966336270        1.0018175248281711       0.96268680025222786       0.38486520366731253       0.49211337668008398       0.28758879709853696     
  0.91726921255985339        1.0147552717970232       0.51872563259701709       0.51452956999211219        1.0029835135131218        1.0018166727985356       0.96250614977717841       0.38064458453250516       0.49175494054378682       0.28064560778790315     
  0.92491586224581812        1.0140715417584094       0.51918015483043978       0.51448965798664270        1.0055787827512654        1.0018223229152763       0.96219553251227075       0.37620315721672914       0.49139587703891707       0.27347250369423376     
  0.93229268092615558        1.0133670208354584       0.51968189116456087       0.51448257503134054        1.0078960245012900        1.0018343524166167       0.96175781439997310       0.37153961325658824       0.49103275783462158       0.26607840478889078     
  0.93938445706339946        1.0126481944866135       0.52023206641738939       0.51450987132817250        1.0099469934590368        1.0018526495354891       0.96119548149061107       0.36665278815536334       0.49066249350185132       0.25847348755406890     
  0.94617800137000208        1.0119210215692866       0.52083184456768561       0.51457290584688453        1.0117440381455785        1.0018771147292114       0.96051064716177781       0.36154169940659642       0.49028230255372884       0.25066923595608326     
  0.95266222630687125        1.0111909451432404       0.52148234328073140       0.51467287428916864        1.0132999674840137        1.0019076614988021       0.95970506353611307       0.35620558909376632       0.48988968094709395       0.24267848179945273     
  0.95882819044354950        1.0104629054042193       0.52218464749168847       0.51481083497718949        1.0146279255783721        1.0019442168623622       0.95878013598372147       0.35064397166749939       0.48948237238694042       0.23451543190866672     
  0.96466910874169598        1.0097413544857299       0.52293982228003710       0.51498773250009267        1.0157412752978425        1.0019867215493981       0.95773693963172435       0.34485668739697972       0.48905833968999091       0.22619567950625968     
  0.97018033075539545        1.0090302728810536       0.52374892524626926       0.51520441903581682        1.0166534910082397        1.0020351299829058       0.95657623687763405       0.33884396184763588       0.48861573738828518       0.21773619718098017     
  0.97535928950843021        1.0083331872512720       0.52461301856915166       0.51546167334800796        1.0173780605746976        1.0020894101136260       0.95529849500964270       0.33260647155437778       0.48815288568983733       0.20915530898807461     
  0.98020542438995817        1.0076531893983731       0.52553318088177436       0.51576021753530965        1.0179283965830310        1.0021495431663585       0.95390390316857376       0.32614541584088058       0.48766824586161905       0.20047263951010291     
  0.98472008179987758        1.0069929561955258       0.52651051906064550       0.51610073167924198        1.0183177565887025        1.0022155233519874       0.95239238803547233       0.31946259448356851       0.48716039705995867       0.19170903813974335     
